vm_vm_estimations_step1 = [
    (np.array([1.0009738327831506, 1.1854326257276624, 1.3244851962658177, 0.83591410412784, 0.4267450483025711, 0.16709969292757204, 1.1681988735551714, 1.3378602021152115, 0.34433883138462323, 1.6092055724038692]),
     np.array([[0.6427905368367153, 0.2747676633032254, 0.17704072622991007, -0.9040990672723039, 0.2623698231812223, 0.8592582553017947, -0.10205140430166136, 0.30935558905432725, -0.15613169043257122, -0.013609436786234629], [0.9023800380119448, -0.4492922733168102, -0.2518406834790502, 0.002585800626868308, 0.20284070745951588, 0.2301964043667943, 0.16746237819541715, -0.016830089813858074, -0.06482964112493388, 0.12773763634341812], [0.17989770330780822, -0.9661154971703333, 0.5095620744166199, 0.1099131170540095, -0.20572044182401078, 0.4216568344283302, 0.03169596583307613, 0.04319143402342597, -0.16595572560023467, 0.0682241292643985], [-0.36738663109340364, -0.022149122124244042, 0.9655785154262838, -0.8430760157624786, 0.21099809687198506, 0.10646268274135548, -0.054870703972843604, 0.1151209559668403, -0.2014466640239952, 0.008284010117214267], [0.9433286754594233, 0.14652855928970362, 0.21007272799133642, -0.3605309430240904, 0.5960193945899755, -0.14526103569177953, 0.1681151389110937, -0.039961626886090625, 0.04543436514450576, -0.016170995325771983], [0.021843827199522176, -0.08084491133566665, 1.1582862991735714, -0.8552237585969633, 0.08037630760901225, 0.2694396275099574, 0.048482736821724194, -0.03501457301415235, -0.006393748643724192, 0.038703437062910406], [-0.2104841640709358, 0.04068760583757897, -0.03690665242202761, 0.0505588465089217, 0.06621174419159993, 0.5139732134958972, -0.05438117810087794, -0.31337287169568123, -0.27440656343039155, 0.037250530954817666], [-0.08509096446981461, -0.03178657164883123, -0.11878015443455718, 0.02685240404397537, -0.047842095543914345, -0.09642026313299158, -0.01677288163361722, 0.045011145839901755, 0.38988822882770396, -0.03933413543577587], [0.04206754123802529, 0.045070009842803904, 0.055258961359868214, -0.06304453539933925, 0.027058972465949377, 0.31984763241735653, 0.2610980695773133, 0.5051075458752227, -0.1845006717195042, -0.03141719523848175], [-0.020347636810866508, 0.13884767636231932, -0.10522055805026034, -0.0737541510701479, -0.2392943170563624, -0.08554220425589404, 0.11854640056154306, 0.06474980017631547, 0.3273794726986711, 0.2537822115750444]]),
     np.array([10.02976715752663, 2.345396824705014, 2.0365414985266344, 3.5715416586657414, 4.55449087323667, 1.5400142295659176, 3.5159996856451112, 0.8498319910003292, 1.821745617938841, 2.338664393497982])),
    (np.array([0.953258527123377, 1.298405573286695, 1.5585170558651043, 0.7502197501194452, 0.4326819811270332, 0.2984696530201202, 0.9570335750385847, 0.8503954990837883, 0.31796814348517116, 0.39262487845039495]),
     np.array([[0.6838401573101235, 0.08688077209874165, 0.05335124755258859, -0.8301742219017817, 0.4521498254528635, 1.202289470256325, -0.13872347149796216, -0.0518316235138037, 0.010787370635408253, 0.1437515333072124], [1.0331122002229327, -0.5829907759405967, -0.2679982651196038, 0.018389183366600125, 0.15212104373004337, 0.11348932197681526, -0.020193707429386303, 0.07958883803795319, 0.0303831671879113, -0.005819071407021374], [0.14558429109351076, -1.0988846509038315, 0.5438193229429716, 0.018260541631584026, -0.19811197971435035, 0.22918683464218104, -0.07945644072138852, -0.04213077389484017, -0.17351738267909897, -0.04208187682914941], [-0.3661768866689228, 0.05240069841210549, 1.3524495541728534, -0.7700881974433152, 0.29128172937095587, 0.12429806147454561, -0.05845238089428136, -0.1756510641550305, 0.1812654621142237, -0.014463948147666921], [0.9415492592987627, 0.09888829644791625, 0.050073029629394014, -0.3810676401003234, 0.7327957611660815, 0.0890935269286033, 0.07796442022256243, -0.0034885266625474236, 0.03990095485938917, -0.021546763059963493], [0.01880849296437846, -0.10090203154012585, 1.0375188765987866, -0.8280686646639469, 0.06739461278290336, 0.29747527223190173, -0.040981079100526854, -0.017838940152040177, -0.014205465365224037, 0.02371846651044517], [0.3514238525766879, -0.1938403746224474, -0.23128087088375934, 0.21685595211273684, -0.13936105494949383, 0.9303085595133177, -0.013503374946937227, -0.23831335412457136, -0.13307428534686272, 0.2250197954364703], [-0.011007048729531217, -0.055761743595124605, 0.04635570018196247, 0.03962849411213315, -0.07026571095107577, 0.07119172556788568, 0.0820420464704931, 0.5428976592427972, 0.27471114342585334, 0.031901293429997604], [0.004413326126948895, 0.011811881695489518, -0.03214730172051877, -0.013282709811748424, 0.03404987028613771, 0.2468605692763285, 0.3071638107187444, 0.4044851897547031, -0.1064857554999467, 0.007553081260588463], [0.008713146701934411, 0.04799348603190294, -0.004499883486156461, -0.12506794110283845, -0.12338514977950533, 0.07265524023354912, -0.009043801335764986, -0.026682317434098313, 0.35822423645464596, 1.4853377754895691]]),
     np.array([6.239606966792097, 3.2296547977588164, 2.373270224220697, 4.226509089957611, 4.891334690648451, 1.3513134221404608, 8.403004699824283, 0.9704758887599584, 1.2852975689411024, 0.17396466681172282])),
    (np.array([0.9452996994020062, 1.4596282940627925, 1.388345768936691, 0.8591496906008748, 0.4043735590389941, 0.09655693828995326, 0.9683694854357144, 0.8346288686921084, 0.36396525815797076, 1.6174731207192046]),
     np.array([[0.7607851793977417, -0.025766279945012623, 0.2882850150881282, -0.9390847323198608, 0.6114979686731523, 0.5096177125785569, 0.06878972628032255, 0.020006173476437315, -0.13292027604258133, -0.003762128078885952], [1.2516602234676502, -0.8947649314404709, -0.2598994950405319, -0.25156289741097004, 0.05775277983363319, -0.32194992717350557, 0.13814902352518132, 0.023141406521537008, -0.04236828048139183, -0.06988487877554556], [0.15788805968406402, -0.907976987760126, 0.3683377094790705, 0.1276904608645445, -0.13851314164273498, 0.29936107951655566, 0.05003998158437734, -0.03325314337487245, 0.034789650798833734, -0.0030088886501897995], [-0.4313175558594583, -0.02709313051106691, 1.1151927697856592, -0.824298923979657, 0.2379871468409555, 0.1435753908120475, 0.11709997263714425, 0.008136515712373423, -0.12468943034689409, -0.00611345792643793], [0.6930926546311861, 0.21531014256386521, 0.16672970900708384, -0.32865349513932146, 0.8132268182082186, 0.03167090151196466, 0.02299383295374147, -0.010140886992423603, 0.05414011301379591, -0.01314766927374473], [0.01638903833491659, -0.04171878774998955, 0.9475757324068844, -0.7413644462692908, 0.13527963537454432, 0.3435933088071652, 0.06522668176483606, -0.05646757552175731, 0.0407399790671508, 0.043217090360222685], [0.018791805002265963, 0.09041166041221634, 0.001089585126120305, -0.022084030447820566, -0.0412691457510958, 0.5434297988077715, 0.04690529972006513, -0.24175643147008594, -0.02501621379205736, 0.09996748510035641], [0.07372448516112041, -0.022177238243086435, -0.023749457744466834, 0.0462112137194649, 0.03338925513873673, 0.031062846695236047, -0.09674792738893649, 0.5795427403239994, 0.627836675773404, -0.004810075005311265], [-0.06079990376454159, -0.000915770718882139, -0.028584674828525503, -0.027508167705965005, 0.09208525025352504, 0.27520105535824496, 0.2458762079687652, 0.46599785579169584, -0.17060713509590592, -0.002107361371162118], [0.06619446518027113, 0.012426057286908602, 0.02009233448719613, -0.1071128646676031, -0.14122732684490327, 0.23564076066716236, 0.06103145890662824, -0.024098847481414287, 0.4798484611604543, 0.5238377190157771]]),
     np.array([5.535709525423814, 3.864290505754968, 1.7058852296437141, 3.0696163911251406, 3.9352110034879018, 1.1829236549659932, 2.638746694611403, 1.1713154781802724, 1.3287939447303758, 5.385205869116216])),
    (np.array([1.0128176091107872, 1.2395644131813974, 1.1387569521964633, 0.8333872663449038, 0.43198708396455837, 0.3663575201165612, 1.023613497956374, 0.8191293001622338, 0.36755801933979176, 1.6146147175908439]),
     np.array([[0.6427677336882428, 0.00041103371087118927, -0.009759448050733649, -0.6946780596727833, 0.26281281099296877, 1.1628210524178397, -0.11389156296061023, -0.051897715923271207, -0.024100295680051464, -0.0046304223814727175], [0.8759202762998641, -0.5406715024367855, -0.21177026858745165, 0.1711184870097424, -0.012190215217996788, 0.03787009396690762, -0.0704899755291018, -0.04544364206183592, 0.09620535107645982, 0.08676363338764631], [0.2315045830035557, -0.984815410416036, 0.8388337844184658, 0.27023327342500364, -0.19363838981510026, 0.3311248597203498, -0.08978897376840389, -0.046050621690160665, 0.10184249028888367, 0.022915242416052584], [-0.3743223855033612, 0.0934443965453307, 1.0778298061975629, -0.8640222251820111, 0.34064056039687624, 0.0015468140249377037, -0.053854874369224905, 0.00997059165637037, -0.001396857122322382, -0.056372971451546565], [0.8505583393874964, 0.1452262908563318, 0.21172021174569483, -0.3179199772217428, 0.47965695414955056, -0.11110479427865805, -0.005465103439193474, 0.0019611296644027813, -0.010506101643556608, 0.023342188388579738], [-0.017444971905989447, -0.10506111232555676, 0.9362327193723972, -0.7685463271246327, 0.04037486776545087, 0.07253139150748278, 0.023036645690294684, -0.04049532519810859, -0.046666063237132925, 0.01769981433217722], [-0.025303159936142697, -0.04217889642321399, -0.09702428479592054, 0.05419989276014815, 0.03218038353851804, 0.8749948926135444, -0.12378514560187953, -0.20629463354309882, -0.06094479085523236, -0.0497146754991364], [0.13006521135396235, -0.07586440712297424, -0.0783118349769035, 0.16412628189510647, -0.12371791207506677, 0.1089541689238052, 0.05648199894598887, 0.6435020356952335, 0.3403770666949473, -0.0413024592066207], [0.002335034581956, -0.07457779578991655, 0.038715075630195425, -0.08660905549593116, 0.034780215706462336, 0.28306853108650376, 0.2836803195470407, 0.45014978141655887, -0.15321045655951332, -0.022213977402333305], [-0.03360635205805597, 0.03328113638373616, 0.07049649642653859, -0.08381229945782927, 0.24880114080424778, -0.07282708040792478, 0.07900020354426206, -0.16906753724496892, 0.5448430345619276, 0.48597660544468485]]),
     np.array([4.468445135218306, 2.19889364939251, 2.6285395078818943, 3.030947955905921, 4.241574168964474, 1.5084899899800521, 3.844536146482302, 1.0442637852031647, 1.2212779655689416, 3.0367882259232877])),
    (np.array([1.0067632837431317, 1.20248067348796, 1.2299113636164285, 0.7061950128578052, 0.42328480349292646, 0.25217919033113584, 1.0435803878683216, 1.1974651554937998, 0.3451868871091674, 1.1625980166799421]),
     np.array([[0.346147330666469, 0.07004067662631433, 0.38663546504315066, -0.8776802647590447, 0.6172784866261917, 0.49101149855452253, -0.10991178216569142, -0.13993727456766097, 0.13380312362921545, -0.014767004344107257], [1.2318570916056677, -0.4750291942887148, -0.21695050437690663, -0.2632412044167599, 0.24828041732590686, 0.0014512012582360507, -0.03942318654772481, 0.16098312943134288, 0.3247962892753603, 0.017237409778055324], [0.1818344864182531, -0.9017157510841781, 0.576869127453238, -0.061546639065645455, -0.2094088169555888, 0.34216232967869786, -0.005580713329147816, 0.005055025280823606, 0.037525888718960475, 0.040002522809115246], [-0.38353401969873563, -0.10033947452640665, 1.4812780778010057, -0.6940223801352455, 0.4641547148532008, 0.24886057742573253, 0.03248129032543942, 0.12181042305051451, 0.129004132567516, -0.062106256689561094], [1.0043972456633943, 0.15384553312209517, 0.1366725199876761, -0.34969835071787847, 0.6634847533072025, -0.011547687593909178, -0.11743182110900956, -0.003698436241006665, 0.03717468659203709, 0.028334771896624398], [-0.015272421088075042, -0.1359985946524889, 0.9992117088426274, -0.7677433837363717, 0.1520385104956088, 0.2214962403646698, 0.023581577768118745, 0.05716772884418839, -0.0014327468583967254, -0.029906150860040663], [0.13841244121913768, -0.06874114823668606, -0.05232323542665965, -0.05810065925247538, -0.12548065941003297, 0.7291696475554896, 0.09549790721214962, -0.14296729690267926, 0.025930853552781165, 0.07187025240642136], [-0.07206739567980956, -0.09997511521680458, 0.0017647176191369, -0.0150568399809728, -0.045902662146658786, -0.04304772287542865, 0.07268623319540367, 0.3349930740085687, 0.40963287546518673, -0.05822021845779408], [0.02056182524191743, -0.01685310069429511, 0.0015649326702720679, 0.06511573129107547, 0.0012108320828132803, 0.2606347523267588, 0.30298069220104734, 0.578974494808486, -0.16193820428174047, -0.00998635609475459], [0.035594866074064826, -0.0008383785997559029, 0.20151951252627495, 0.13832520428121547, 0.04682698703370409, -0.20313128119857957, 0.01616973875182881, -0.012886156378247757, 0.22939920907003133, 0.8978610941304118]]),
     np.array([5.526324812750359, 3.9613464595424914, 2.055516224881819, 4.074072924352766, 4.172479753170981, 1.4870786638159037, 3.820567161255425, 1.6397522921045218, 1.7017797367448797, 1.3922755397865454])),
    (np.array([1.159027695712296, 1.1946181917883238, 1.2061381541181952, 0.8988409542944923, 0.44976512618433834, 0.4049316357600358, 1.1527623217117648, 1.0768344720363061, 0.42546623321131927, 1.6615975867081112]),
     np.array([[0.3117068178331396, -0.09527471495035919, 0.05250150411061441, -0.8798777541781506, 0.42892575248394466, 0.5334449785691883, -0.08538928760667357, -0.08340270515394367, 0.1408027526175111, 0.020281858085559254], [0.8241764259476313, -0.2573686145544608, -0.2541105660252966, 0.1569787804177634, 0.19313788373970103, 0.0149634257446673, 0.059021620684397244, 0.10900818802415976, 0.03027134517451295, -0.06864408930792397], [0.2400465026514647, -0.9743076463441896, 0.6811741364781386, 0.20493619141335465, -0.023761456358706218, 0.3814630469118, 0.06192639716060388, -0.055801243313022865, 0.10131734807097792, -0.05297404648714767], [-0.42759890773618764, -0.04100718550580508, 1.2555230815665606, -0.9034519693946281, 0.18997210952029728, 0.3672207697261445, 0.008713309106828394, -0.1775894647120055, -0.061167318564903574, -0.04829108625540001], [0.9772869605967143, 0.33389323936578336, 0.27718102558492347, -0.3448689607898478, 0.5635617581108392, -0.16716262184228628, 0.043645655989626095, -0.008936261062410612, 0.3193377340196988, -0.08909711687988826], [-0.01855467873951582, -0.15278393724870334, 1.021305985457637, -0.9587046073081826, 0.11720953673997506, 0.15234871432134128, -0.02006357011632292, 0.0011682623305450724, 0.12644185734230726, -0.026996573659174333], [-0.11611132372789451, 0.009260930618522754, -0.13072392986792514, 0.04953183240087056, 0.10750685099810649, 0.5134320170597597, -0.20691067175899847, -0.19961380732550263, -0.04985575868041477, 0.0007812895503406432], [-0.03701623908981689, -0.2409068793381011, -0.0455842299453147, -0.1147568979451218, 0.07813552014032338, -0.03383139219629116, 0.00596701518272977, 0.4772069394623997, 0.7150747891239572, 0.04698232089909141], [-0.0654857749714745, -0.04731242183221242, -0.015666444410382955, -0.0662996772664611, -0.02721076719837547, 0.4679391732079872, 0.34212669062773776, 0.5502867032416131, -0.33279791568359957, -0.008461246819358328], [-0.056142411210420934, -0.015075449640696717, -0.024590973361508776, -0.07570763518896073, 0.03467493569760064, -0.21624529535423037, -0.06347964021750269, -0.046730561952581344, 0.24053018535112994, 0.3063887170657007]]),
     np.array([4.694622319443966, 2.2726743276833745, 2.254004799792463, 3.45188512335643, 5.357028048883686, 1.4460814104368478, 1.8763024299848647, 4.09084862134493, 2.0003980385287092, 1.280751641087888])),
    (np.array([1.0413422179370555, 1.4905991886058394, 1.2719014315557833, 0.8114573699634043, 0.3817004535801726, 0.3976252498375337, 1.218292865103691, 1.0371727169524751, 0.2736782547424291, 1.4673544380230767]),
     np.array([[0.49844256561205597, -0.18552014682142973, 0.24593592826179483, -0.8624907419275785, 0.5223894077664956, 0.8453210218690215, 0.09320716342541725, -0.2230365226465947, 0.07501515583513638, -0.072356403468546], [0.8276632518132605, -0.904968326171865, -0.20964893704582258, -0.02094900480282048, -0.06445291432222126, 0.03242541441488917, -0.14649637476334074, -0.03583303007921083, -0.06684614600021088, -0.03341056028883777], [0.2205756881232234, -0.9983823746557227, 0.5791848817325339, 0.03323711749526268, -0.023657441438108662, 0.13887123437584548, 0.08180128435155772, -0.0026728553503477703, -0.06396602254701812, -0.01590624960082804], [-0.42161742326203105, -0.0079449621952561, 1.1891132449756778, -0.813195497718126, 0.2776983920723182, -0.04345415499533976, 0.024620078292158433, 0.021654692760186972, 0.06548423233332155, -0.031244654275825127], [1.2240138379499916, 0.24012580243220477, 0.16915412352629042, -0.24870649220909966, 0.5362222135724968, 0.291305383082248, -0.11131340239026774, 0.08330419707186763, -0.042547771536663996, -0.06701129852606207], [-0.01855457157477314, -0.15813804372091975, 1.0314759525166126, -0.9070894669877542, 0.1482047578090225, 0.06558901019160576, 0.02076247853625235, 0.05914117836955379, -0.07741699375586708, -0.05872176968059314], [-0.14645067763846942, -0.03622491518000568, -0.03964144323965716, 0.12126790022663592, -0.055518577997809085, 0.5849210552751568, -0.2324685155684389, -0.28631385908316886, -0.14763199770579424, 0.03886493639117987], [-0.043350978084546375, -0.038874655110462314, 0.11697318870116828, -0.053445854942484515, 0.0050717414021716764, -0.21978448956987914, 0.04594533065450749, 0.5485001038310656, 0.649686153460545, 0.02975795202193914], [0.0334351922695074, 0.020147747657836744, -0.047135503041502304, 0.015410891383069723, -0.08535464214692254, 0.3979462408202235, 0.360603875945559, 0.6043830539167205, -0.032979293134709195, 0.037750168981143764], [-0.033943439513870716, -0.1044668751838649, -0.009014096285839199, -0.09512981676104626, 0.027151568695067976, 0.017605172911338247, -0.049375647862349534, 0.0022724569022475514, 0.16276322512487093, 0.43407157258115014]]),
     np.array([9.056340257368523, 3.06713230012158, 2.236572676535165, 3.4111433239134854, 4.564958829327396, 1.3315733090678006, 2.5842177224938325, 2.370033994542602, 2.0466398554063234, 0.11480230775823681])),
    (np.array([1.065462239152123, 1.2937585704187704, 1.2412620924627236, 0.8413093043476215, 0.40335558670470384, 0.34142539173125175, 1.0962320577137914, 1.0871308092425989, 0.11729232194732428, 1.4787753085117432]),
     np.array([[0.37545359224591773, 0.046468828036653455, 0.32807704754078093, -0.878619360305707, 0.3377893192934019, 0.44679195551327566, 0.008572591920324448, -0.012594295502794513, -0.018723644077570812, 0.05696675382284946], [1.0723815267056687, -0.5336556052382939, -0.22950894830793728, 0.17271970063022296, 0.1642992345942708, -0.08284446857428153, -0.19671616295572733, 0.040848766960344444, -0.13062568557100157, 0.06146156039254893], [0.07164931686138071, -0.9017629214635375, 0.6754001459041795, 0.005080890233535603, -0.01310900477571217, 0.2857909805673945, 0.07833453567540241, 0.008974096579420537, -0.15564461108390845, -0.029851403632997542], [-0.42783000956735406, 0.04706139892839042, 1.3723684703905596, -0.8925552208890688, 0.13750410322902273, 0.235892767691387, 0.003414759515029205, -0.016731351108860572, -0.06255016460348646, -0.02110000336177861], [1.0677323587326297, 0.2489419403394211, 0.0790940261972059, -0.16702372847870306, 0.9876960554578658, -0.0920123270454009, -0.027458383225789508, -0.05075256226872313, 0.16622985610772112, -0.040343622221505386], [-0.06079286930723024, -0.12577027179668232, 1.1167052183647337, -0.9490767107631897, 0.08631774499279184, 0.18962015728979825, -0.06035975176558014, 0.02120466598662454, 0.03879600023967788, -0.000994460284778697], [-0.16097107785000517, -0.006070374412969374, 0.11829876906485606, -0.1310566538927399, 0.057174983728898225, 0.5963705971608321, -0.21424485950139138, -0.22591467541732624, -0.05585933562424955, 0.027390384677629158], [-0.15021867037920544, 0.358498094690517, -0.02627757699357032, -0.2129486529359064, 0.05960302784002548, 0.15017325378524585, 0.04212800188854777, 0.22087237797436285, 1.0967101544162166, 0.009522416661192922], [0.0020896775252969998, 0.035115684479105784, 0.05671304757395436, -0.056933627599404145, 0.045954775551010775, 0.49479933240846297, 0.2828799196955102, 0.5520147085974445, 0.10155772673636518, 0.052327583098283906], [-0.13365741877184717, 0.11684163579287783, 0.1611915169479192, -0.07894655778133305, 0.10585942698345224, -0.049320783792522506, -0.06076417637902911, -0.10722144553363414, 0.544391651364016, 0.46700342391034333]]),
     np.array([6.675444289822086, 2.498317469015367, 2.330448772493042, 3.430712286982316, 5.254703213483596, 1.7876388323694592, 3.198007567435122, 8.309208484801323, 1.6167500026982295, 1.6213393366204278])),
    (np.array([0.8565701041141085, 1.2726734089163885, 1.1640115008857768, 0.8466515115151311, 0.43137653263681763, 0.30054657482034036, 1.2165995592634704, 0.8007290435694732, 0.39742826607357334, 0.9718290049392032]),
     np.array([[0.7870766307981656, 0.21620263854072674, 0.07027639131280941, -0.7349916529888146, 0.5624545978302113, 1.1071703370578128, 0.18878311014854274, -0.016845161867714745, -0.11503629093981195, 0.09108537927915285], [1.230885781740323, -0.48467974679104175, -0.12291363881526503, -0.024834698999174527, 0.2859547099084438, -0.026557632217875625, 0.020470630745774022, 0.014049538394625326, -0.1342854539445662, 0.051518567142385306], [0.2090120780658624, -0.9421781948502714, 0.5107499486124281, 0.07393015559384328, -0.055661069610177485, 0.4768696962054412, -0.03338275764412515, 0.014360339627330444, 0.023282924331206014, -0.01014009581593585], [-0.5159802650493033, 0.12710870720732145, 1.067428559574674, -0.8952851022266272, 0.25197087958540904, 0.30124133983240287, 0.11734411008885727, -0.043884153823399816, -0.009331026106314375, -0.08148637670943679], [0.9362722803989005, -0.04292055662957382, 0.24876074196601325, -0.3077764070691167, 0.5886308642486979, -0.07311782679742809, 0.01308497885978751, -0.04853965265039328, 0.015742106307317788, 0.05292911833831732], [0.02780991174727875, -0.16346684051857444, 0.9746256161994821, -0.7874031394974893, 0.1579138820599537, 0.3414760108521494, -0.05764616704349183, 0.010210228028426437, -0.00930091179912602, -0.001952566405666803], [0.026201628111170487, -0.1522052515453491, -0.13325526908629565, -0.08669093647556365, 0.017497464531746245, 0.5472582467339403, -0.007335251615125346, -0.2505096015799587, -0.21047528489668876, 0.008720773145014182], [-0.011415376514492702, 0.11743591030133443, -0.05438095627207173, 0.020793477666045262, -0.07298319959195572, 0.12305144816133033, -0.0493660972519599, 0.6804910689553493, 0.36431611216285975, -0.04216285642601823], [-0.015130286896633822, 0.041982731497630495, 0.035528182567594734, -0.08962391622373062, -0.055847312970452555, 0.22219079599256264, 0.29143355079888905, 0.4853406904851966, -0.2242392279339459, -0.0038505678528103775], [0.09083295199350643, -0.022152178410353662, -0.06387833407418256, -0.022070389429488156, 0.002868833606508408, 0.17355261160276497, 0.01121110992037976, 0.003486769780539118, 0.28846094897464025, 1.0687853112533447]]),
     np.array([6.751731177719143, 3.0326094084583963, 2.409116360175996, 3.3032653441364785, 3.542670446739357, 1.4655154192874986, 3.1614876004107644, 1.0666395814110907, 1.5131156304832238, 0.8966158183522577])),
    (np.array([0.9301946333668114, 1.2168168772404433, 1.3198616020785239, 0.7659306399690162, 0.31404365703264725, 0.22813886236676756, 1.1694178074019164, 1.0006261336911446, 0.2901289051191082, 1.5371422376543031]),
     np.array([[0.40762590951306804, -0.03178698918082555, 0.27269434452334235, -0.7039661604940372, 0.4440159915347632, 0.32369795553428804, -0.07095092357248717, 0.12637053413795885, 0.16458938216018743, 0.03426222132507286], [1.0173226862479845, -0.5469182433053511, -0.3137068933295078, 0.12497169125037519, 0.38898145531001493, 0.1601553037617607, 0.027394219058583833, 0.022205753485486163, -0.07763783128337816, 0.130015201735918], [0.1388489929342714, -0.9484670779640799, 0.6619102045879125, 0.01808321108585374, -0.10349500327950589, 0.45900287331858497, -0.023462467175869313, -0.08928537565153759, -0.09442693830601247, 0.045529348884064], [-0.37211821812285395, 0.021691186790062992, 1.207321806058966, -0.822558015704372, 0.26352546086345846, 0.18837954162118456, -0.010815132985321314, 0.06449304520691669, -0.11422004390247056, -0.058856342885708415], [0.981749375989406, 0.2543154317307094, 0.3285560808487774, -0.3079515533456984, 0.9295948767675714, 0.010204273456081187, -0.050366091102324755, 0.16574798012950592, 0.016599115395002775, 0.02584273573856802], [-0.05563608131964727, -0.11107097110032223, 1.1107331382177505, -0.8917693453531599, 0.1730989127104929, 0.30337831663007714, -0.004222837866622986, 0.033833791634576504, 0.003821253210505379, 0.05411071907210217], [0.10460672500734389, -0.012631895697945207, -0.09405741801664616, 0.040851276182733355, -0.05014152055622707, 1.0173804158222364, -0.11499298378848576, -0.2578902901341828, -0.22022816291652578, -0.06546138499418254], [0.02007438935309423, 0.006906216920564935, 0.036801013052739105, -0.014466794282906878, -0.08435223909747039, -0.09619241164735033, 0.04581146537462685, 0.5814297975829017, 0.7642810057140761, 0.08760009234747719], [-0.04936556009941091, 0.001486045412317501, -0.005127325733474195, -0.03321054860607705, 0.034171443379540666, 0.2914988146775369, 0.3401558941137697, 0.536204762221009, -0.1396691079255384, -0.003327063377608171], [-0.10051038868337848, 0.10316070404335724, 0.10776974870428754, -0.20226700144067308, -0.0672695645190532, -0.05165783625556927, 0.025062439095016816, 0.2497937363741282, 0.4955239281319992, 0.5726142261875125]]),
     np.array([3.6211662630477504, 3.1332894381331244, 2.323668059643994, 3.5857868225057783, 4.304158654004706, 1.2758635518285886, 3.465273318305953, 3.7275077327515325, 1.567288098269159, 3.978943896062673])),
    (np.array([0.8578070882842235, 1.3135814967305037, 1.2019300908545445, 0.783919346511603, 0.525217102485633, 0.2909469227684499, 1.2714481934096917, 0.8282957506093482, 0.3148231449052623, 1.6089669535433815]),
     np.array([[0.7673850156416258, -0.02653411037941795, 0.20625393054584804, -0.5394930985431957, 0.47608052104078297, 0.28097528215928913, -0.016485812956601856, 0.08452528915378099, -0.13478034515045295, 0.10381792046234282], [1.0886503114956765, -0.6253350524909789, -0.29463253963104546, 0.2165914236689018, -0.060700733159689, -0.02562013653636763, 0.007348362709044218, 0.019276233875725125, 0.05346002005461124, 0.015232215416633693], [0.25624586351820317, -0.9126152435164953, 0.6601378600193715, 0.06856165918736189, -0.15080612557005682, 0.1252198733836997, -0.08405576213889825, 0.03252601757098085, 0.20600667414453883, -0.004230515125298194], [-0.4122589577594765, -0.047669405951981034, 1.4407986930278356, -0.7860753888521932, 0.048600134545602955, 0.4110514744152585, 0.05326927150650775, -0.06435401279881814, 0.02059816002467189, 0.040209513481474425], [1.1457833729683946, 0.18635609510410667, 0.20194171747715198, -0.5183724874710856, 0.7072622483664083, -0.08583410994702316, -0.013945534649446407, -0.09062178344522112, 0.11232520665828907, -0.04632030670821989], [0.014260502391059153, -0.15783216723210525, 0.9888407169813488, -0.788690124775644, 0.059817087722311674, 0.26642620705821446, -0.0037456106825913384, 0.005341871712132053, 0.04703644187524577, -0.0020637778381529183], [0.013914707721156555, -0.14418401390847688, -0.1289534547896468, -0.12314634294659024, 0.07326955679386311, 0.7697008045355923, -0.44947652662301296, -0.07504114180200977, -0.05859526081380277, -0.03924526928052889], [-0.10340080947339475, 0.25851654347439523, 0.12130201139751838, -0.07440309150718669, -0.004567204707341978, 0.11591993068278042, 0.013233041412197073, 0.7510024993371419, 0.7513843718431059, -0.018694051990473387], [-0.08140634602345494, 0.06226838451976359, -0.010273678037395474, 0.019274869246905385, 1.984560800186328e-05, 0.3368226471484092, 0.30164773870857087, 0.3835442809583294, -0.086803110701147, 0.04122908440562552], [0.2106615680149815, 0.2738558981508125, -0.09152663702937808, -0.018155844189464237, -0.34217481214762646, 0.3205189702520031, -0.12615354155017855, -0.11240873147358456, 0.3487738628603442, 0.6251786747276787]]),
     np.array([4.183459942947728, 2.3655646437119686, 2.183360072485089, 4.19169394973151, 5.1577998715006474, 1.3178834910660824, 1.9114050411550025, 2.5861767804722127, 1.746817038448727, 3.6208357993861666])),
    (np.array([1.0840744006243899, 1.2812823273919307, 1.2817360077158129, 0.8060632384002157, 0.4340234754355474, 0.2579236853673656, 0.937523364437955, 1.1167930536839747, 0.2780211062393159, 1.6788692662902638]),
     np.array([[0.6643217251968352, -0.12789566334868677, 0.15767338200808748, -1.0851441287069366, 0.6686935242033984, 1.0341754707524424, -0.08001429164391186, 0.11401898319637646, 0.06181646911911329, 0.06182804677861777], [0.9508687833196569, -0.5620328909429145, -0.15849921391363542, -0.08648692955246524, 0.14076941218275, -0.15708846083832895, 0.17635081438164774, 0.1294687394124466, -0.15272399712015128, 0.0369008407035105], [0.1544030405254608, -1.149508168481841, 0.7716351185657081, 0.3480277759874945, 0.07638006741217197, 0.2608983296309175, -0.20265447830406208, -0.02161520409743282, -0.12307371898062745, 0.01708310757908946], [-0.5042623226433393, -0.060384950303588904, 1.5336180448635333, -0.947037473261302, 0.0963057181342154, 0.43065206902687414, 0.10868687979230154, -0.04535037476509288, -0.08300066617038851, -0.006398115786786031], [1.0185045236872423, 0.18542919297967467, 0.24527644368073023, -0.34048613258693955, 0.846237856853803, -0.014885382672590939, 0.006720238124817349, -0.09404281247866632, 0.06875991464895624, 0.06590579018236736], [-0.07606769622328768, -0.07540845505683041, 0.9875903264075953, -0.7762474812163838, 0.12941681577929678, 0.2614846847659396, 0.013539574206844386, -0.01907917537191302, 0.02316780613993144, 0.030000465941833487], [0.014858952171406573, 0.17688513708514841, -0.0029151367053769353, 0.030360393292653963, 0.027916816988076895, 0.3630797051377477, 0.1117823674690201, -0.2301605719823574, -0.08155445892010613, 0.06459687795216812], [0.008115291387545123, -0.11130000421013325, 0.09848027727441917, 0.06769657974053334, -0.05527446332738534, -0.06730566299601534, -0.010961148987973082, 0.6357642158525473, 0.48715487327692175, -0.07640842747553987], [0.06293242502486418, -0.015407235664734571, 0.07689861230710701, 0.11041379839904927, 0.008766791569393558, 0.2916236617695368, 0.49139702913802874, 0.46734359901587874, -0.13343391585457454, -0.03182747892554595], [0.12188058041281895, -0.06750393162462459, 0.11331206840262392, 0.055360350102853756, -0.06524626308606943, 0.2015485022798743, 0.07455222584682934, -0.17072129300693797, 0.2511130599452692, 0.6072030182347113]]),
     np.array([8.853119894322091, 3.377397879768329, 2.7718611749963356, 5.476309775921408, 4.655551462680981, 1.4199376389763578, 2.0982188957531296, 2.8813041966692015, 2.0268326354964263, 6.864209466222427])),
    (np.array([0.9538835074739541, 1.2442871668871813, 1.224232855187208, 0.7516792555506571, 0.34176601437824095, 0.42554445494885007, 0.8999740124946992, 1.0128718001676775, 0.2650091399956519, 1.4608581741973161]),
     np.array([[0.7022924471631402, -0.25717724377218143, 0.25929511864434507, -0.7618735072959435, 0.3650924970680565, 0.7377636621705654, -0.021351155987914643, 0.1472893069200309, -0.029438895216710663, 0.10506229028237733], [0.9351402521265471, -0.5264927030923593, -0.09687994202062185, -0.16245178235318133, 0.2897294623696438, 0.1981705569661822, 0.1269260911231625, -0.0579167605710354, -0.051006696686831436, -0.02203734230257839], [0.12383331444881, -1.0458486586408315, 0.7663727537559614, 0.08297552747227088, -0.06596424876141903, 0.25612366930920605, -0.08971275194980975, 0.07018626964860934, -0.04696844349694093, 0.05629170922964728], [-0.5591564633476562, 0.10765499467976279, 1.5658794607855868, -0.7787929944684685, 0.21162390835920242, 0.1252846498588623, 0.01515189911894037, 0.06546977767451705, -0.029567275800111825, 0.01872211046404353], [1.1734134518027246, 0.17462142050734433, 0.24202899213467124, -0.3526252159864699, 0.8423035482610738, 0.028693201944014805, 0.09927484061571622, 0.10706710079360256, -0.08710457087876157, 0.012970958977439457], [0.004732147324718552, -0.12552363657976273, 0.9343877220780733, -0.8672318606062024, 0.12191753368024655, 0.03236499469973232, 0.006426070411119482, 0.009839410668805237, -0.06470486833052422, -0.019835908862798173], [-0.09939073723055163, -0.0063571190899681315, 0.0317947292515352, -0.03421116770663737, 0.1905022861388138, 0.6350486053228134, 0.11047836853221038, -0.14672378796222327, -0.043227604550024605, 0.016560975136936402], [-0.07980187972165483, 0.17715030579905283, 0.04034669795235302, -0.0788250084583383, -0.0718753462290984, 0.12450965660201946, 0.11126293155945483, 0.5484201717829315, 0.4855108463764049, -0.009286592180214007], [0.0009397703537366262, 0.06603580404852046, -0.008307839121284535, -0.024016641395884383, -0.017913919058428974, 0.3750009591271147, 0.2475157401241666, 0.5077057281124995, -0.07601248306029806, -0.011132589643617902], [-0.02011882033241659, 0.09067516241453026, 0.02560237266298382, 0.06173068681197366, 0.07699752000388527, 0.1358133589692709, -0.06647542288943657, 0.07178056861906176, 0.30740522585862107, 0.6515732233660947]]),
     np.array([6.542751908540249, 2.1512677174746275, 2.41386132940305, 4.341449341314246, 4.840313055962405, 1.2200293903007016, 1.5929945309891065, 2.379028321162282, 1.5179651253250217, 2.874181460504831])),
    (np.array([0.9716975078899125, 1.2854344507743167, 1.3111976390831195, 0.8106067413625331, 0.47452386507752137, 0.209489046448013, 0.9276354449107269, 0.952161769472541, 0.3838872737140787, 1.6443899077215829]),
     np.array([[0.603803326635921, 0.020376345291508415, 0.2452615382589945, -0.7963915331100146, 0.9151613077816692, 0.6876606706491565, -0.052031987367564626, -0.019264377731873315, -0.10055834558426166, 0.027729075533289786], [1.1510585717769244, -0.53503723262489, -0.14013146368455778, -0.08527425207594051, 0.0924467416083592, -0.0005393239056027917, 0.019241538986368257, -0.01857025949132021, 0.09601558348351026, -0.06620224945428163], [0.2521360522949391, -1.08312631119079, 0.5283667284347129, 0.08411942461795152, -0.110344914092921, 0.4250323451868877, -0.04180287509216184, -0.023438146918845708, -0.04395207681433318, 0.05986001506357102], [-0.2905232491080826, -0.04961182720249774, 1.345171694634314, -0.851333467409612, 0.10708174429881592, 0.037705773419089095, 0.06718034718736918, -0.015130996152289147, 0.06943507753098649, -0.1102572291218917], [1.035722036121746, 0.17448832961735064, -0.05384425661215229, -0.44701793981907606, 0.7291795748380155, 0.21282910159060028, -0.031657982232726666, 0.08686469857247123, 0.04396976727820565, -0.005408948779170201], [0.008998810211454407, -0.06276759073616979, 0.961878822802817, -0.7265899917453545, 0.10048967463049778, 0.2605023450889047, -0.022970601631599002, 0.005519065661273309, -0.010410465868171391, 0.027444496003827354], [-0.07146767147674384, 0.03683433615890005, 0.00122353469392559, 0.07323488801996306, 0.0755425021641743, 0.6402501486852112, 0.20180725124585616, -0.0703369239932265, -0.2649156661507405, 0.013160582992356448], [0.012266174021429762, -0.02201302250076824, -0.09091922194641286, 0.03733213400012083, -0.060672881656486086, -0.051179272073979806, 0.0070319131856489475, 0.3903274742968199, 0.35519153853477187, 0.06237330284220087], [0.0251306024647263, -0.014066651871413755, -0.051608336546646406, -0.03391837771326374, 0.01972133853077616, 0.35732876836668465, 0.22171715897526795, 0.42931191740513813, -0.1555259114134923, -0.031642775397629705], [-0.17252036497777115, 0.017711541262548883, -0.21367955432867505, 0.36505426766339166, 0.08756149113772892, 0.16981999446822427, -0.22297833365567574, -0.020305155223208915, 0.3075820006925182, 0.45230199075398564]]),
     np.array([5.926552921832282, 3.0068947690971264, 2.362325440218668, 3.270752529240083, 5.278357407834671, 1.2888206116433605, 1.9051138691697254, 0.9719828880792986, 1.355540290067412, 2.875711079328587])),
    (np.array([0.9894432548969209, 1.4486560196529323, 1.3145197900292576, 0.7161863507672533, 0.32143865330514804, 0.3584269053922113, 1.1328018035881777, 0.9346884326885706, 0.3901316723597018, 1.2181172251364085]),
     np.array([[0.6492081178052049, -0.026853513553337614, 0.08454560318144229, -0.7489962544199575, 0.4972774102518241, 1.0687670096011306, -0.006644248549018401, -0.0965609266264846, 0.02325814486164601, 0.09148441969305234], [0.8174561677925204, -0.6347501650183418, -0.21886641721036856, -0.24798328061370878, 0.25332360708505314, 0.027129788407107423, 0.016380850012324085, -0.05074287459374725, -0.01380641535726685, -0.022449674713918375], [0.2830846414874377, -1.031329358527627, 0.6395584461215675, 0.03686295988096751, -0.20156459596470974, 0.19025032600993685, 0.06361335431618625, 0.041334952720530206, -0.00871510045800595, -0.03782730800916386], [-0.36421721629035375, -0.05176169688163199, 1.2966948592089105, -0.7415264133704048, 0.1783963578823397, 0.16761078677954241, 0.06917819847896467, 0.03649247619986002, 0.004275626304690129, -0.01604638102555576], [1.1550147119213945, 0.2393998717750392, 0.2263061099200655, -0.3876645203122343, 0.5916836681035735, 0.12012652457078657, -0.054523888440893085, 0.10775734125969008, -0.03669089822557556, 0.13451536435933106], [0.008825614684186764, -0.16008724823046938, 0.9837376891887913, -0.8242464657062815, 0.115704335926195, 0.08726304113421465, 0.0032038679658455515, -0.02923650117378978, 0.02254264236400239, -0.011053241701777834], [0.022597610572585834, -0.10607236770075927, -0.0008724737577503193, 0.03629644240720294, 0.034120291797516515, 0.5125902160481784, -0.27745913351286516, -0.22069694754773297, -0.1949147713628019, 0.003263257825626291], [0.025900699547710893, 0.03980342783522955, -0.005622969589732515, 0.03020273987980385, -0.15998447437048557, 0.13293227688577672, -0.04976409027084451, 0.5738971045944274, 0.5024490841545642, -0.005422776356548721], [-0.028683503129102575, 0.030142973533515388, -0.05361355446636365, -0.07198546687255164, 0.035174799520586504, 0.37152898926582795, 0.23181720174431156, 0.4758433497583617, -0.22673732872523047, 0.020891723125680543], [-0.031092980508426207, 0.07016308996589064, -0.03808117550538536, -0.08531409317545754, 0.015726421346687305, -0.06423665335402205, 0.0393207093329576, 0.06635203727097999, 0.3019383575288073, 0.8861888284582192]]),
     np.array([5.752987694518917, 2.5586359159477325, 2.351346137283279, 3.5184134678996895, 4.622701152973743, 1.4873920639761373, 3.1209619608350203, 1.6285538181306516, 1.6417725723277885, 1.2131508010691316])),
    (np.array([1.0063077301352337, 1.358606920667364, 1.268510612823796, 0.7473662587984207, 0.4922161897328724, 0.31695310389911946, 1.156225369283207, 1.0967237183029568, 0.35307012736940024, 1.5989431599102324]),
     np.array([[0.3297814352571075, -0.15944274883420903, 0.2836490919874699, -0.7306349015989875, 0.5814467092314584, 0.4488254216401733, 0.1220046274995085, -0.043532981813854406, 0.08483873471515377, -0.01587251149597767], [0.8835913746311971, -0.6124894571886399, -0.22167357711636332, 0.13290463935721608, 0.32903729946125737, -0.16275854362957073, 0.1674940302153325, 0.052833665060387905, 0.15546064917208374, -0.16585460642925795], [0.32873160662726086, -1.0454691791642647, 0.6122215917872682, 0.09679600459020148, -0.1409367547932622, 0.20987569450950821, -0.0012561086257938613, -0.044304034500291016, -0.06411698405172647, -0.02594940590081375], [-0.33889050281786515, -0.0913559283191731, 1.2104817441680216, -0.6924473565751808, 0.410091652465193, 0.09818854180056848, 0.019147717397172175, -0.0030227133440043005, -0.01791002053919009, -0.03157748513690295], [0.7934551688594426, -0.020356489352799018, 0.2471053861096809, -0.4935534305964959, 0.8343264703513431, -0.1279693448424077, -0.006010240347972031, 0.07459289132959347, 0.024454095148296436, -0.009757138807074638], [-0.0002474071030604215, -0.09944069942690917, 0.8649245155239511, -0.707732600071263, 0.12028632103829218, -0.07588755528806154, 0.0026495336238343, 0.0024151157365060794, -0.03720125826421905, 0.03178477081742135], [-0.11166611215307454, 0.13354478488678012, -0.09821571619126199, 0.014228488172393097, 0.06280067506863421, 0.6510949912915892, -0.06869001001361286, -0.25259901619384156, -0.0037041424002852313, -0.09519696074833786], [0.012627855496449812, -0.07565370376537334, -0.04418976673120315, 0.5261216509912826, 0.18722541564599668, 0.5853008002952732, -0.13360232665909924, 0.278268563469709, 1.0912946000382453, 0.1315062491017742], [-0.01895932735288667, 0.05419190669772096, 0.02629880868878386, -0.06079799673248354, -0.0038589744139353684, 0.22516534038116118, 0.2672504675846326, 0.5241779135881586, -0.24683998019136286, -0.05731659824282562], [0.009317444591131001, 0.07505405630564878, 0.03883133607864743, -0.030124535327975446, -0.20416786441831877, -0.08001234351652774, -0.10735505011035817, 0.037257607047833485, 0.24475409394393555, 0.19218130529916583]]),
     np.array([4.534242758397713, 3.0542383724302455, 2.552033517913966, 3.236976941075582, 3.7334561724787663, 1.14048630009829, 2.7125783488153288, 10.100280022305267, 1.6529808508174832, 0.7436143659679803])),
    (np.array([1.0350500040744564, 1.4111433663588642, 1.1651550769889916, 0.8545510447169926, 0.3840470352826019, 0.2185225517619415, 0.9629685530443287, 0.9658844062694467, 0.23902121703271778, 1.7130270317512264]),
     np.array([[0.5904305156201478, -0.13573249433868947, 0.3371545247979148, -0.9102823486543138, 0.5057062292552268, 0.5354756691589642, 0.2056843097837958, -0.07835497172345234, 0.2798177497211106, -0.10376851681726888], [0.9321740436613819, -0.6378969846502168, -0.15234733672384945, -0.18407361123770336, 0.23561432046826847, 0.1325259733108735, -0.018881278508278282, 0.047437168992958585, 0.1121806142919789, -0.056961138262997396], [0.13686075894509023, -1.0167233847960828, 0.7054102937346116, 0.043001054694494195, -0.048615645019894994, 0.5452286764815167, -0.00984277717292308, -0.007542301474547442, 0.14037608663893256, 0.04964378254297179], [-0.4092276032192381, -0.020167530937625817, 1.0798786279600194, -0.9340239445774228, 0.41780446940720556, 0.06327929348901763, 0.03994070264491395, -0.06719778525230727, -0.08472030315816946, 0.011366286219275927], [1.167499009500048, 0.22595257068234456, 0.2211226575672989, -0.4713617342009557, 0.9433366575100407, -0.05814130397131684, 0.0804488950103846, 0.10169005224843146, 0.038084801693504956, -0.008563351125050246], [-0.015745663607200533, -0.06359437680638247, 0.9264127906063518, -0.857166165560911, 0.013285883274163794, 0.35200467661427914, 0.0732471178328205, 0.047416326714650806, -0.02295286633881573, 0.007754506266959649], [-0.013240516420044337, 0.005405245697507909, 0.03513717146458104, 0.03934858108405526, 0.006489277638027706, 0.3411658923089058, 0.1392897625082464, -0.18071525758191467, -0.06277328397779587, 0.0816881372416884], [-0.13171250708778517, 0.12564487570689728, 0.06399851321979083, -0.152713274123054, 0.035908934185257056, -0.023654373098735432, 0.08212791753021752, 0.5532942322656128, 0.41418421178513204, -0.05581208347244243], [-0.02115486215573355, -0.055995936557487885, 0.010762294687709163, 0.03637178834388541, 0.09696803102053753, 0.170157670877391, 0.3097479184112066, 0.42920285429060534, -0.022856786396464577, 0.048422288053941075], [0.032903685584790385, 0.03489537636478044, 0.024904570770674095, -0.11710363956301839, 0.05849630312892388, -0.44426277881726234, 0.2462653531114199, -0.11423841496800131, 0.15346140737854955, 0.4700569687817871]]),
     np.array([9.390843391455272, 3.131403839888588, 2.4049317605572362, 3.5462075076846635, 5.3669269152614065, 1.4276488450268523, 1.3925883967925177, 1.5081478802303088, 1.4820846597217414, 4.382360514270639])),
    (np.array([1.0096449421823854, 1.197558441929652, 1.3519058943028313, 0.6843191837043817, 0.41009326904009247, 0.24010017535075356, 1.093035621414843, 0.9058153118219187, 0.41412366897436675, 1.3532880785446058]),
     np.array([[0.47023952029424787, -0.18244564140766875, 0.06016162880631854, -1.1889447991928166, 0.789181179069589, 0.9672049927753514, 0.06334727439592674, -0.06712633258004456, 0.4220757507113952, 0.08075028109156385], [1.1472735675262395, -0.5788185671563613, -0.17726817706209236, 0.04762100211816421, 0.29757995620004635, -0.16912040496303607, -0.11441424576027145, 0.11078366118180967, 0.2244834369828079, -0.027483871108221137], [0.14837063416165455, -0.8094671223227533, 0.4348079827524994, 0.07179820958182154, -0.09952407707388626, 0.23697880491258702, -0.0723650333999086, 0.00703649823693558, -0.04886118907104332, -0.0029561998293350248], [-0.40050950390841344, 0.2520587537019585, 1.3011564140092222, -0.7265746887728459, 0.3665994731963049, 0.3993469965163399, 0.05540450141370904, 0.0800795946005428, -0.11459557579469046, -0.06084239981597625], [1.0137901184387699, 0.11068177534874621, 0.1733905473567283, -0.3387420167033, 0.8041363309049409, -0.019235420745485187, -0.01627035648434649, 0.05521193052584972, -0.07435314711662619, -0.03063321159077147], [-0.00018576804064727686, -0.1363410352828975, 1.0179255048481337, -0.8282053152812174, 0.08679390219209367, 0.2303630552263377, 0.0008361386323766548, -0.020237469077090824, 0.08765821075726171, 0.05259901924531029], [-0.08485547636981024, 0.01823337076748554, 0.03955788010381614, -0.047650599291863806, -0.15801669425569986, 0.49684206913973705, -0.023459053948466962, -0.24807796432919546, -0.12374803897311827, 0.08264101907790866], [-0.04456048674823143, 0.01249831399111815, 0.06642498646970181, -0.02890769764096714, 0.008794209191679083, -0.08826970300916713, 0.057577750537934014, 0.61611253555409, 0.5936119237747035, 0.0845739412654159], [0.0824190806466029, 0.02917362614715237, -0.09731008616728788, 0.09038185319966106, -0.027439946070677727, 0.4545571750797587, 0.30075368512897516, 0.46697034272015503, -0.3754981888994555, -0.017835371420950607], [0.02550907391804187, -0.10532180965172594, 0.05845854318219368, -0.013070874416656329, 0.20415007558386586, -0.024117061648078898, 0.007307277863670174, -0.0012972431385354806, 0.26389826267383515, 0.9310349863468995]]),
     np.array([9.515494907251592, 4.0878123983559025, 1.7451183404333979, 4.485090995669788, 4.159055160870707, 1.2448510363597498, 2.572669023571632, 2.3853194571372702, 2.2662039891546946, 2.286253094222558])),
    (np.array([1.0572024008561813, 1.3697910390207348, 1.10861913860615, 0.8990732125427575, 0.4858285931476028, 0.3213322260525768, 1.1568053553630773, 0.8829092718075997, 0.21284231188841754, 1.4586927569019883]),
     np.array([[0.6564101910249046, -0.12751474578815727, 0.10519425925834718, -0.9585076411890123, 0.33378924448168856, 0.7146441381427072, 0.11086162946425679, -0.09775435179763672, 0.03183629072149775, 0.015650479692195254], [0.7992778486549508, -0.6411890666457212, -0.12515392516597923, -0.09002404396826426, 0.18584792632690228, 0.07888988645227783, -0.14963796099885776, 0.1089089128237785, -0.1866912905022714, -0.0501240181916283], [0.2634424458456781, -0.8999992217634327, 0.8625346452745626, 0.11467506220867184, -0.14503966356958004, 0.5449954479116927, 0.011488152412997532, -0.013200607368058573, 0.031171070075059745, 0.003362347427638669], [-0.3852861409697784, 0.0810181658774293, 1.0810899130820926, -0.9677065267906895, 0.3114132597309463, 0.2585031094737562, -0.17783917941159214, -0.0753412876011487, -0.013247291598536751, -0.02507532587284723], [0.8508937919013322, 0.09621031350545184, 0.12350946384751801, -0.3552468983490123, 0.6829993115462393, -0.025889216358499237, 0.018475566359959093, -0.029624282987129706, 0.10008324834088173, -0.08535924430777302], [-0.017200651821420984, -0.0988046165956426, 1.1224727428553942, -0.8829770390320404, 0.12475435621080813, 0.1338081723589558, 0.046060708282223646, -0.060545677322721106, 0.030545639651272768, 0.005034522008681203], [0.03096118041485012, -0.03210497494566203, -0.012046313896550203, -0.0399792626361731, -0.09888637844070358, 0.6573635693357163, -0.17341531376812888, -0.1577696060473983, -0.002712638750193173, -0.0026974736350084327], [-0.011358479108828076, -0.05042745169861225, 0.033334359445503975, -0.09808623141354411, 0.05148042780494942, -0.023542292790073048, 0.12122653907173865, 0.6879611382502787, 0.3644516654549134, -0.0054224642018518236], [-0.02025023400414607, 0.05981875685468584, 0.01525845350183976, 0.023666168596827013, 0.033518606174750734, 0.284826171597675, 0.25722103561727766, 0.6133915999880255, -0.04077694665293722, 0.010475203625687157], [-0.08302097817369433, 0.1308021420019958, -0.0048742048822427945, -0.056323925515875894, 0.0953103145851602, 0.13986036253888715, -0.30440044812614686, 0.1552203706829341, 0.3584503183394947, 0.5716982583741221]]),
     np.array([5.97845903413536, 3.30412424058403, 2.308498596020773, 3.520990229514245, 4.182141404748331, 1.503974602146689, 1.5697741325483463, 0.9120554051600082, 1.8527757845418529, 1.7338334545254135])),
    (np.array([1.1507349224436603, 1.4337434357746732, 1.2512937064731722, 0.7506498324418265, 0.45270100054229934, 0.3360109029465748, 1.0750121569804199, 0.7814529870963289, 0.1422837022367573, 1.110057062263258]),
     np.array([[0.3249092708495064, 0.14335177865583798, 0.24492661644857505, -0.8971841279648415, 0.5812212020590779, 0.453803996067278, -0.16259412957454625, -0.19693186566766294, -0.011527285217046549, -0.1979069536328871], [0.8575223907062711, -0.7352222508122597, -0.17618954931997596, 0.1137547975333784, 0.07258024842911773, 0.05631459204393817, -0.12723935844132295, -0.0012361467006932955, -0.05639988035101727, -0.045347721128688366], [0.17237570873537109, -0.854895222377683, 0.5669326013890666, 0.11262499723316283, 0.00648672451208073, 0.3313424569781989, -0.07210577390997729, -0.01716324210347074, -0.05034333591588776, 0.007224210298514452], [-0.46106221470736175, 0.0037427101433609696, 1.3041281886086775, -0.8133786818461862, 0.39603549101473, 0.48590113430328474, 0.07239495974319765, -0.05184663458032802, 0.09283181251820369, 0.07448543058182155], [0.9489212697186763, 0.27031197260414674, 0.31989169397535433, -0.4697962747320987, 0.5507553349530527, 0.0004261225877862738, 0.013937812880145766, -0.026507234417770142, -0.14276366993735373, -0.044813552349144664], [0.02390939843416437, -0.1245581421588409, 1.1489810339415303, -0.900083194964524, 0.08937408288324628, 0.16378658093758253, -0.01683905695653705, 0.0035617382619860995, -0.04425598358587255, 0.014180353632892063], [-0.10427315052095035, -0.03165651323188155, -0.015771260010920277, -0.1677465681073838, -0.04918322939839162, 0.8024037673733252, -0.25343737199995703, -0.16163026222944946, -0.14486417525744225, 0.11853546772057419], [-0.08823650862960926, 0.05854268087541359, 0.055135069802154685, -0.028343043641990116, 0.1426418088201751, 0.0987722219923283, 0.04419927025703065, 0.5568100235785557, 0.2978814035660599, -0.045020769978864915], [0.0072715080456774404, -0.004780614245308363, 0.016320226406842792, -0.009824539821658717, 0.020154269962057263, 0.4905160836524773, 0.2694834446342244, 0.4965964502672125, 0.01657609870456544, -0.002705379398168043], [0.06386220175040018, -0.11342889769190359, 0.008894364950637383, 0.11244937808465721, -0.1828193464560941, 0.17998996732891803, 0.16299273269952502, 0.10464578910228449, 0.20775193611178847, 0.9178208475770584]]),
     np.array([5.468666565171138, 2.541141562508801, 1.9187348362405485, 4.700309880388405, 4.5234951206457366, 1.3558767900664732, 2.576939063158515, 0.7794368447876738, 1.3103566394150208, 1.3527764845970078])),
    (np.array([0.939738728980908, 1.1372913792558113, 1.1380390730111678, 0.7583157751954254, 0.3490142918713021, 0.3692078768993728, 1.1543114198041606, 0.5208017729714299, 0.5910305569400972, 1.735568632717127]),
     np.array([[0.5795005713883364, 0.03857640832948838, 0.24059239207960081, -0.6479797703152904, 0.37351524463436947, 0.6115666265989026, 0.012374271381616434, 0.0649935162329253, 0.00936147746832498, -0.14363788216566367], [0.9378916566497709, -0.2983176561718919, -0.13885431636617052, -0.014620873077977953, 0.2059927595778875, 0.08064437441692526, 0.11769990687006333, -0.02936514443179595, -4.163364348006674e-06, 0.059709740117180776], [0.1587603056810389, -0.9325017673166972, 0.8444600560187495, 0.09588127325430869, -0.1141066589378941, 0.4453980808766271, 0.027293582692854614, 0.036863266334749165, 0.06216855814687262, 0.05975988159083587], [-0.4980989835060806, 0.14403500048035478, 1.24293818857343, -0.7496985161003917, 0.3237744653084117, 0.19867293703668099, 0.04174569841710765, 0.026549913121344484, 0.021356228707449437, -0.024567685020744093], [1.3044746212222966, 0.14409695972976783, 0.06646892608454638, -0.38510706229304964, 0.6744105534715809, 0.238134218259486, -0.0009881435901200844, 0.06032098642390359, 0.025226382202354562, 0.062070621045631116], [-0.022071348855921758, -0.12736566418715417, 1.0059627008977512, -0.7750189522932461, 0.057942578445742604, 0.23951974744529755, -0.0017034435977577264, 0.004665516788609576, 0.0315180400199716, -0.008661910468357943], [0.10099933193875049, -0.08839064015464637, 0.026521596305426505, -0.08828643011637018, -0.030582860206417033, 0.41264060880724845, -0.18373165307091696, -0.08425730643587422, -0.20815200173820397, 0.03298774442817863], [0.07882893340391155, 0.07445242253484076, -0.05180973186281945, 0.1194289937342657, 0.0020948315821042235, 0.18513009275606962, -0.07946090619864178, 0.8522133344402321, 0.5002415511637229, 0.009495657139083999], [0.012942703544267851, -0.06061043704085174, 0.02339219893899427, -0.15581003991587802, -0.040115949213743125, 0.40011410007983617, 0.25041637401779543, 0.4575824627542128, -0.43029061262064816, -0.07904365127002894], [-0.09449995835433384, -0.3178231065131447, -0.16550275813497675, 0.04820530292506327, -0.08622570925864201, -0.5428862200360013, -0.4846537435676196, -0.5338135022716608, 0.7166079883895842, 0.7584103940866007]]),
     np.array([5.496221857097498, 2.769719278680401, 2.1326641824830643, 3.67316857043087, 4.876949821220081, 1.250667237299627, 1.1621081208645017, 0.9013800609778678, 1.4872402824507251, 21.85296019656364])),
    (np.array([1.0122956231698688, 1.3488801782045958, 1.2807664638815575, 0.7131951210890226, 0.32573369722367085, 0.3692091907375201, 0.9999015176902859, 0.536725183498782, 0.38542853613223993, 1.5361024918607038]),
     np.array([[0.448401665493498, -0.02247631956415146, 0.20159752415390025, -0.8346990091087485, 0.8320788193644918, 0.5774336462440156, 0.04771981497328887, -0.2758375771737674, 0.019028902594752393, 0.1375053684242496], [1.1648698901211545, -0.6243136566414055, -0.22569238585689944, 0.048360814047354476, -0.05084126467782273, 0.24674406950930533, 0.01975693659329232, -0.07292778387354186, -0.19490551303512854, -0.01925417036552743], [0.19372443610874895, -1.0582847218825713, 0.6286594947879652, 0.04856100522141719, -0.10408515582369907, 0.346687418810122, 0.0003052840631618473, -0.0031827637345699005, 0.10216401660268253, 0.038799926528682104], [-0.4357499636912912, 0.016295675851125725, 1.3102288688801014, -0.7480691624035077, 0.31768013040116694, 0.07669309343856642, 0.03167945907733103, 0.006770838252101299, 0.15014803007127486, 0.08329810154205546], [0.9539000924481922, 0.2354745256436506, 0.21577678842624323, -0.29031648940221394, 0.7655737808350613, -0.02245423587709311, -0.06430608168171914, -0.03080950216383591, 0.0769666814256074, 0.0520263309879425], [-0.014626654988667245, -0.13411610149038217, 1.034146920806799, -0.8542559319472298, 0.10018145240423137, 0.07253269663678007, 0.005454865043161747, -0.05180458402964825, 0.05382016604397472, 0.001692616114856718], [-0.09339305186311485, -0.07265166708627341, 0.15656667394794044, 0.18112996640151072, 0.10896999899085198, 0.8334100351698706, 0.08084022753734475, -0.2380217228389731, -0.18029021456593977, 0.052268079466094845], [0.04798008966256664, 0.10377073768922769, -0.06262723527819677, -0.04547819731801908, -0.09817453864963821, 0.03803969466360243, -0.07003019375216735, 0.8695613187746417, 0.46162676547024867, 0.058304361490158794], [-0.07679040915809725, 0.12181940832044305, 0.0718536080566024, 0.009787309952786849, 0.008844027755447311, 0.3647894418888525, 0.1761282831765963, 0.4384483405248753, -0.1889704124131321, -0.09059948307033006], [-0.08239014116066082, -0.18194099898062502, -0.029570288477421408, 0.11819372487138573, 0.093648826897891, 0.05295457495724059, -0.09488084112060526, -0.1578068360424573, 0.8044634331477929, 0.6451492630166208]]),
     np.array([8.25061086171692, 3.031405606301717, 2.231446826219831, 4.190636904964979, 3.8398229459729114, 1.4485534888497011, 3.678428194019398, 0.633728194272986, 1.6952763645190718, 2.61198568018817])),
    (np.array([1.1004780468578654, 1.4589892168424694, 1.2658139454666333, 0.9412486716204611, 0.4439289879065659, 0.3508226183274014, 1.2190643459128632, 1.1364264300217848, 0.4673524320465881, 1.5255452032744325]),
     np.array([[0.49309576074587874, -0.06405755109060404, 0.1462038679244079, -0.834422927989073, 0.14668026789867455, 0.4767475204575338, -0.004152132234526444, 0.11624058549119516, -0.3818019945574225, -0.08992192861662637], [0.8964027871658665, -0.719410212544745, -0.26199973919486763, -0.03703717636603284, -0.001097057837776538, -0.08929497647861905, 0.02222344859082723, 0.07025987433906983, -0.055262708134273954, 0.08116556461890999], [0.16639968702282315, -0.9026103597041385, 0.829680857267565, 0.037305991398088885, -0.06270903015152493, 0.22361734149247375, -0.102595542364051, 0.040346571258822295, 0.003587901461676992, -0.00974420266940861], [-0.459022917738644, -0.1307580669932787, 1.0553666183067558, -1.0018141814450168, 0.20188340169391178, 0.07750343695565572, 0.03346460175199987, 0.016957064449837467, 0.09400447450747597, -0.07828951041422438], [1.0434984037144432, 0.27098211561842184, 0.1489918261873499, -0.31316817666204544, 0.6794388857833344, 0.09226066420538313, -0.18174369657776215, -0.08970599839871403, 0.03866028670015962, 0.02582561003014956], [-0.012646411129595334, -0.08180467457239027, 1.1813105333030882, -0.9294827431482766, 0.09728699015983121, 0.1015642743204169, -0.004312228006791544, -0.02554524579003889, -0.07170205094731058, 0.0055964972043668565], [-0.07534608319088744, -0.16671542103560472, -0.002106454996800951, -0.07004443168083715, 0.0246733080649206, 0.6622463728664704, -0.3825673418163834, -0.2703603620752433, -0.502551990369971, 0.01657803409267595], [0.1143146202860544, -0.01904434351614759, -0.003089946471808878, 0.07307473707750056, -0.01219182042619336, 0.16792316158001003, -0.055530631317016216, 0.5010637806228159, 0.49858890466779293, -0.10301566494740579], [0.0285328428928283, -0.11931138193524812, -0.04531165423053784, 0.06702670525624585, -0.02395441049921665, 0.27925512308785555, 0.31618864353505566, 0.45754333952457976, -0.28841823889825563, -0.0008147962455029506], [0.2789892278576446, -0.06931023687338635, -0.002542667165879736, 0.23309866630131676, 0.12024899649954598, 0.2469274643359231, 0.18870972146640247, -0.3260347219625409, 0.2985134358091424, 0.8379006751302667]]),
     np.array([5.96315721160098, 2.4613992970830023, 2.1424655973219164, 2.947226227965424, 4.48074351983807, 1.4003594749491193, 6.1867761274200435, 3.427156391838114, 1.9670552931499274, 5.740275619297188])),
    (np.array([1.1370050115660084, 1.1290962047857254, 1.2580688885635571, 0.7754361646825098, 0.42501307375745634, 0.35675849073289284, 1.1997660919685322, 1.0858281176396216, 0.23146745586562403, 1.0612505275773167]),
     np.array([[0.2694563221686951, -0.2615744544870661, 0.31700608979995437, -0.8197193966112295, 0.7670459019979672, 0.6535177410368039, -0.05123376130585436, 0.07661120345421302, 0.1918298451488118, -0.29305904299879565], [1.1420679222969605, -0.51841332726957, 0.02285082122260433, 0.09272697367581671, 0.4546585616652741, -0.20420654123315995, 0.06617912657394426, 0.09005345742314859, 0.14969145222516878, 0.04049934168480131], [0.11648181640249537, -0.9772807349705013, 0.5313219686074846, 0.015745441360388437, -0.16609692205198562, 0.653425488341927, 0.1588046031511459, -0.0038171450609729317, -0.1902846794888947, -0.02080920561017507], [-0.359651772127805, 0.03878751698277447, 1.0915879860555864, -0.7608171534398537, 0.13402424954418393, 0.15680392987572442, -0.07411551491791231, 0.04082852371240337, -0.15650644424655105, 0.039565538737166485], [1.0040195484511965, 0.010355189134658964, 0.2345244171621621, -0.36632176171242475, 0.7548144515546291, 0.0335304797095186, 0.0427733988905273, -0.06025330417655048, 0.021684993991429986, -0.020901487414892384], [0.011281137147858058, -0.16531557661099835, 1.0818694538206077, -0.8299593964187159, 0.12441632282150349, 0.20104378670249975, 0.08256231819754888, -0.026876360451598386, -0.04350216216887089, -0.019120955538926926], [0.09510528033431742, 0.07724262213821746, 0.028256514392429, -0.11333177600179802, -0.020862036174765723, 0.37651021667416834, -0.3836330044711535, -0.2830814450654051, -0.119576159789839, -0.06647044180850332], [0.13360069938113742, 0.026333260393487185, -0.027092263198221788, 0.05378135829631505, -0.00285944296273856, -0.01946184289608993, -0.19345631939509203, 0.4968550825929634, 0.398572044870779, 0.04150101454367848], [0.01446696763409636, 0.021724143166656162, -0.05757471143434126, 0.04844376179435638, 0.028757202159815975, 0.29010536701463324, 0.332136160966892, 0.5538128290169982, 0.019348582617821613, 0.0699776607395505], [0.16285992964635154, -0.07660184939408518, -0.01042743650121135, -0.11051989676078976, 0.17597871961578151, -0.03492517070198415, 0.07644670316437883, 0.015126180064883202, 0.24245985369469072, 0.9462218694448081]]),
     np.array([7.550686696378227, 5.233344114833006, 2.2647837528417867, 3.092894051157593, 4.180125014538946, 1.446659951260966, 2.5405510303971757, 3.771111319230262, 1.9557129794600279, 0.9671577436523403])),
    (np.array([0.9602765814529748, 1.2687810328474491, 1.3824096511875483, 0.7625931046235749, 0.5579945209666417, 0.20500556015775573, 1.082117858573791, 1.1249653164416986, 0.3410847475775585, 1.8146360748930568]),
     np.array([[0.4559100417852644, 0.005162404907582471, 0.164085230246531, -0.8247192228598151, 0.4174609975510458, 0.5533625124723437, 0.11207485788261756, 0.023515977748739033, 0.3348273238375651, -0.017637618161607745], [0.9023301197348639, -0.480266732647078, -0.2672964218334391, 0.10638010537728752, 0.33930742944146247, -0.011795615992137515, -0.022579784370927784, 0.004204566907084207, -0.20534743941450198, 0.012728537322997268], [0.15208744654710438, -0.8392349549066286, 0.44792084538712446, 0.011125503108180832, -0.015288363178425185, 0.15038618290375538, 0.041770268044006895, -0.07840305998221303, -0.0076580843021762995, -0.02254502991808009], [-0.3601741227021181, 0.014620781231180418, 1.5599686102654724, -0.7948797057797536, 0.14356678947515683, 0.4558786007100867, -0.0750027489616934, -0.022861242818887222, -0.06954481701805995, -0.028016835992339298], [0.9359790739079416, 0.1353030611233006, 0.23429239426076898, -0.4581541696034801, 0.6315021440391457, -0.09830175036263647, -0.11465270984759858, -0.008091687996373302, -0.08566962682183442, -0.024794434437601345], [-0.006127572257576284, -0.0999721983763198, 1.0311043981120718, -0.7592782649337164, 0.12100564866637215, 0.2897525256567994, 0.026170130411190446, 0.004041357380763057, -0.04197294958433005, 0.016526311600199652], [0.11064906447974977, -0.029705564522630734, 0.02165785659519536, -0.2211108451561723, -0.17335354088970034, 0.7042092564669551, -0.20952177248877327, -0.11228164516550763, -0.030763552018814585, 0.053341197108844], [-0.11129361702823876, -0.024005214326595012, 0.05179920764572984, -0.2925117552967916, 0.0041267206710109685, -0.07977657289386052, -0.04276234130089905, 0.35963079940563597, 0.6154175677274055, 0.08319129892043159], [0.041769528437432, -0.026430828828777623, -0.09866414152718367, 0.01694887724478626, -0.013431794606896598, 0.19894617352874078, 0.22221923219551884, 0.40924042873173816, -0.06250176240284758, 0.014152360024805955], [0.24525417704248081, -0.24494177214960894, 0.23937542358107597, -0.33618665978318973, -0.1474540771765081, -0.08910088773668762, -0.38316088278221955, -0.15125398544659122, 0.41627556682325867, 0.5456370127346711]]),
     np.array([4.896322216143864, 2.583843428575001, 1.840932411171274, 4.129408011206652, 4.396703990423801, 1.2576662680585, 4.178275413917776, 3.15743247469384, 1.2346413827005354, 4.570633445252224])),
]

vm_vm_final_estimation = (
    np.array([1.0019849430673595, 1.3089973101652315, 1.2399189349973732, 0.7856719256280345, 0.4233752481912371, 0.30361188959194785, 1.0773702744448137, 0.9847198054062564, 0.3180718709764104, 1.502013873852689]),
    np.array([[0.5359248421320293, 0.0, 0.19935412134377084, -0.810447713754932, 0.4937433687172359, 0.6755484283298154, 0.0, 0.0, 0.0, 0.0], [0.9975294627127692, -0.5846060093594466, -0.20182344739495098, 0.0, 0.1800201926872447, 0.0, 0.0, 0.0, 0.0, 0.0], [0.18471060702475625, -0.9434277937406647, 0.65162095973916, 0.08317041796099307, -0.0895168462710545, 0.3256770287779822, 0.0, 0.0, 0.0, 0.0], [-0.40031617081032717, 0.0, 1.2411484525203342, -0.8013711468440976, 0.23818601911660792, 0.18966754892094345, 0.0, 0.0, 0.0, 0.0], [1.0091493409019239, 0.1716398749229656, 0.190449715623359, -0.3504042052302676, 0.7181757542956454, 0.0, 0.0, 0.0, 0.0, 0.0], [0.0, -0.10715568834665334, 1.0062090236361878, -0.800809282668066, 0.10008524532258017, 0.19083051131431433, 0.0, 0.0, 0.0, 0.0], [0.0, 0.0, 0.0, 0.0, 0.0, 0.593596550929615, -0.07987430901721172, -0.20354640621347797, -0.11247696506308179, 0.0], [0.0, 0.0, 0.0, 0.0, 0.0, 0.0, 0.0, 0.5007064480815813, 0.4880949637479379, 0.0], [0.0, 0.0, 0.0, 0.0, 0.0, 0.3225083424202042, 0.2896085002909404, 0.49070098433990417, -0.13212148089781448, 0.0], [0.0, 0.0, 0.0, 0.0, 0.0, 0.0, 0.0, 0.0, 0.35494926739331845, 0.5780721947609032]]),
    np.array([6.129674653121654, 3.039101483746244, 2.2586784883831332, 3.646939650591384, 4.579547237302518, 1.400825486539639, 2.73916823662018, 1.8680462042086252, 1.6485485185467847, 2.4134804734085082]),
)

vm_vm_interaction_matrix =   np.array([[False, True, False, False, False, False, True, True, True, True], [False, False, False, True, False, True, True, True, True, True], [False, False, False, False, False, False, True, True, True, True], [False, True, False, False, False, False, True, True, True, True], [False, False, False, False, False, True, True, True, True, True], [True, False, False, False, False, False, True, True, True, True], [True, True, True, True, True, False, False, False, False, True], [True, True, True, True, True, True, True, False, False, True], [True, True, True, True, True, False, False, False, False, True], [True, True, True, True, True, True, True, True, False, False]])

vm_vm_pvalues = np.array(
[0.514501858315044, 0.6116736418044855, 0.8780739301728118, 0.8171137464544947, 0.20017039586293672, 0.8463297201032504, 0.603357879424163, 0.7092138711567233, 0.24185476511727155, 0.9173285524754999, 0.5516867555230154, 0.713724896356634, 0.4255829879891869, 0.31961007708633016, 0.958177614309262, 0.40799365828852685, 0.14148819668992785, 0.5803681871957043, 0.8097393546372809, 0.9180877408422865, 0.7328248044340537, 0.6450948908506912, 0.4194777153350404, 0.9533102288714524, 0.6838544491782687, 0.8396741989940746, 0.6885412406071532, 0.7568335288612931, 0.645876055612828, 0.7123712131731528, 0.47827739508070366, 0.8704337128433767, 0.16922635870260572, 0.8328878029521538, 0.5922765655974496, 0.7939643937606407, 0.3241200600609333, 0.8383445231102431, 0.49857868030018127, 0.22933549740005654, 0.7947296129683181, 0.5754644870181165, 0.43573514334318153, 0.6779222806355836, 0.9422136050076358, 0.6888649771690227, 0.43689138536376304, 0.7154701918519263, 0.6232151599340676, 0.9271970008451819]
)

