hp_vm_estimations_step1 = [
    (np.array([1.0469570883228125, 1.269551828071209, 1.3939501664035008, 0.7570538191831396, 0.39992414466819554, 0.2772258278431979, 1.058270307219419, 0.8052043701520187, 0.13549821241379967, 1.5402633261078822]),
     np.array([[0.5881945431579012, 0.03909249223126843, 0.16487571616267696, -0.8175954826963904, 0.6067519920070035, 0.6618271462885396, -0.022898558608436793, -0.07049037684138325, -0.08751830774636772, -0.08699829237202729], [1.069568092947252, -0.2995185798688622, -0.22247607807595576, 0.053887007798401484, 0.2604237502063157, 0.24340897857745472, -0.15534210108858199, -0.06675053973905161, 0.08584094417942448, 0.05365902218900392], [0.24420304568688786, -0.9548013474001211, 1.0110701962416735, 0.026623289046089006, -0.08283395952038425, 0.45173927630971866, 0.04425948395954662, -0.017665711521944006, -0.040993819776843764, -0.07791638192221755], [-0.5308573649190884, 0.12540855755861618, 1.233181232895703, -0.14822012832364792, 0.2524221872929338, 0.49608213518422434, -0.14257085831394473, 0.08268842207360384, -0.07325348412105155, -0.030896325098753293], [1.1514837295136524, 0.47774982089159274, 0.2780133355295647, -0.16432129776230472, 1.6908637040107026, 0.14919356205591544, -0.15121290884245117, 0.09495053836302239, -0.05503323109817253, -0.07833479059969072], [0.026134848658352035, -0.16417476316068436, 1.0597948344920998, -0.719357106407316, 0.14449791723140742, 1.6169819417111502, -0.04240765664459581, 0.03460386467396169, -0.02932986629773778, -0.01618230921508518], [0.046449947859737016, -0.012314733322330155, 0.10535760010298607, 0.19677110371837075, -0.1675304570144569, 0.6937147338786454, -0.031369224663378055, -0.21238436788283668, -0.10208780217004003, -0.04866866524433463], [0.1461709043223526, -0.011518584041269993, 0.04779527200347764, -0.020346064284533012, 0.08003106847992708, 0.0877012046027157, 0.2296370611803093, 1.4781183184259306, 0.8155674995143963, 0.1071312656168726], [-0.02155626482641409, 0.02193764302072046, -0.0800366138699753, -0.012661932527189963, 0.05089042225986483, 0.3614628287757842, 0.36369784507369346, 0.4507186103999756, 0.9552331796904595, 0.06444383145121614], [0.10510151767019199, 0.02684296072702727, -0.16290741258927624, -0.058780727415593315, -0.12376920572990302, 0.1590391007874497, -0.21461218244021946, 0.09620021045795989, 0.4139313441634781, 1.7024629054755112]]),
     np.array([7.005119764773252, 2.6762049171344255, 2.070075708583924, 3.909292160224183, 7.942119308649836, 1.5178086045961319, 4.087712478063925, 2.9888166308973623, 1.5521908956714703, 3.183991227998721])),
    (np.array([0.9543522742233568, 1.556724843318529, 1.2119460222977352, 0.6709586532865375, 0.5704224180185142, 0.2549380610908194, 1.0403968041679954, 0.8557730263004812, 0.23623667693910358, 1.361582662737767]),
     np.array([[0.8723216483412027, 0.04910670698282275, 0.38182693072748847, -1.0084590040779116, 0.4813277730306705, 0.48847753356242024, 0.09453581410178814, 0.07281046473660262, 0.15081843509387508, -0.00729903478767191], [1.1024448184923819, -0.47335265418425465, -0.05127828831010512, -0.23294040181101314, 0.1466549110216792, -0.21488937310945705, -0.08718582107776214, 0.017934338329064096, 0.03060148427812316, -0.12385803552950843], [0.22573760478105348, -1.0053872794699366, 1.2138448543874174, 0.03058784038028018, -0.2878528131530599, 0.6265231756454761, 0.16857552327580216, -0.036289277182373195, 0.0620605164097318, 0.013025619773798673], [-0.3794671474617119, 0.03410929116432322, 0.8059436210759202, -0.03768905209412695, 0.2921856618317168, 0.3871368846110656, -0.0955046091827731, 0.0772752313070716, 0.1006339042456374, 0.004261132808141393], [1.5373400694438881, 0.14976738184573346, 0.2955243505653433, -0.45949038257406744, 1.4669744990718763, 0.07928787273526257, 0.04986854026082636, -0.06449697606728039, -0.019581361193010606, -0.06980056775642957], [-0.03383067735337307, -0.1311051516644351, 1.3578809432826235, -0.8798445061064084, 0.12067779371941395, 2.0424445973670977, -0.04383599308602451, 0.044316914585738415, -0.022139954846833416, -0.010969478360399715], [0.19452700100168466, 0.07378630446452879, -0.0895788669116345, 0.16095690028912363, 0.06958853384907544, 0.7036064418902124, -0.3439795565560938, -0.3194410294435022, -0.07497258090314365, -0.003906864693703565], [0.1032764772795344, -0.033595991660612196, -0.0063822352473450455, -0.0562917755290298, 0.02654975596792829, 0.060961991177154236, -0.14486964633871893, 1.4437067978940556, 0.5181635382335105, -0.0546971512374074], [0.039220174269090295, -0.03419648585780598, 0.04973976166158566, -0.08589359302313224, 0.01784710837061023, 0.2512679797755176, 0.36474232697315756, 0.5355249218213111, 1.1338596537584125, -0.05104315964405786], [-0.23460885020931332, 0.08386204959176839, -0.000792176002205858, -0.2144502535032932, -0.038938061653890944, 0.1133259661341396, 0.18428958052570069, 0.10792892037873494, 0.5887124097619052, 1.7585706345298435]]),
     np.array([4.955212391144622, 2.5419651749541976, 2.2789242070213076, 2.973104293252789, 7.734871155971859, 2.045298927161893, 4.570288813458994, 1.2372463327954488, 1.4820102584183974, 2.253942458150441])),
    (np.array([0.9755051764874203, 1.2544662379457387, 1.2661587228179945, 0.6626727753407408, 0.47037140313666953, 0.1732682446783693, 1.0962535028410387, 1.1621852059818834, 0.37418229718085333, 1.301894026181104]),
     np.array([[1.0349759004783567, -0.033012403051956095, 0.2090829413782107, -0.6938704364293335, 0.7862176092375649, 0.7973709089148387, -0.10900327334457945, 0.0693723267981626, -0.0015602771263134722, -0.16162419562796448], [1.2675185120103232, -0.26006991763236714, -0.4579566967314608, 0.22436302880102965, 0.264560570302711, 0.14309604482413532, -0.03568961342438329, 0.015972801660603327, 0.08013066881228603, -0.016953997348029923], [0.2393447799183565, -1.0105016923763939, 1.0249158550732316, 0.0843950915661953, -0.1886419060761251, 0.5992714822124574, 0.01970168775436916, 0.00435579711016234, -0.03913769966776552, -0.03599624397088131], [-0.3688788061549381, 0.001680672173991049, 1.1972824243072209, -0.022934130210298127, 0.29227541802994345, 0.4701914498187667, 0.06802415970706646, -0.08951838355826675, 0.06408903118813206, 0.023646556928038753], [1.5718791988356604, 0.3219647878762789, -0.0727780513132552, -0.24697689016781796, 1.222258004879563, 0.1778554919565228, -0.04351377169257089, -0.076593791437356, -0.011736793304260596, 0.004580145824457084], [-0.009165150595950262, -0.14180465487902078, 1.045703495507764, -0.7184405808812904, 0.1798893594753153, 1.47582313852404, 0.020279370768416148, 0.010736385426969417, 0.024948973560242216, -0.0245873739735392], [0.11934570992883481, 0.07994757577037528, 0.04080658288341869, 0.05058564593120893, 0.09557195046049956, 0.4773400529845635, -0.17299258691191916, -0.3659634680317963, -0.020330063819498197, -0.014996107104808708], [0.1588895729147499, -0.04815152850016854, -0.0901748955054144, -3.3008744422950576e-05, 0.08562603524798226, -0.010217991502695587, -0.12564364266170935, 1.374541086254507, 0.5777158260815792, -0.007593509284863856], [0.048376264858833354, -0.1188090570668373, -0.015197628747223862, 0.0501375799551849, 0.13329676888231026, 0.2378522018323289, 0.09354064036391298, 0.46377622507257954, 0.8062942116224228, -0.0006806267795842066], [-0.17148472671406223, 0.0646254250544883, 0.002420573438242309, -0.17999194719471037, 0.06949461314412529, 0.1249129206843381, 0.15668948168193078, 0.07122656419119433, 0.48760213258129803, 1.7425213586906014]]),
     np.array([5.653649180277357, 3.3804154482390163, 2.5391208411137187, 3.848275720616723, 5.931972693283457, 1.2943860308267334, 3.249526717173074, 3.0778916199713957, 1.3571731783656371, 2.4132325217615778])),
    (np.array([1.0120690916697048, 1.2125101224497918, 1.1729176697986097, 0.7923757576729931, 0.3825408613283557, 0.28121924894098677, 0.9656413938533778, 0.9301994701187544, 0.11703285738298991, 1.4378874157643324]),
     np.array([[0.6601914818153525, 0.053365715722651336, 0.2947916253819602, -1.070339340829696, 0.4956940494128059, 0.7061611016442073, 0.07051838675375643, -0.009660111718309647, 0.038575496356509476, -0.06145128581971671], [0.9246989055298186, -0.1607889655784544, -0.17656174087616394, 0.0358965256386364, 0.1587042146932522, 0.01483358343997609, -0.04971364288091713, -0.012425476477874309, 0.08728096562043891, -0.05602752439780141], [0.120494922528288, -0.8916233177784884, 1.1906573004986638, 0.2200307091757953, -0.12534262306040023, 0.46684576755589186, 0.02397578954641465, -0.016367689707744704, -0.012633449506063365, -0.04084046863454696], [-0.35163090609107833, -0.12752928657203416, 1.417320434013469, -0.32657030875898346, 0.26076589956640644, 0.4362452012325767, -0.21012452667528494, 0.008124291599536527, 0.05377103564603502, 0.001391423670078161], [1.1002265135604157, 0.16671173718715834, 0.03509656855731163, -0.13347086329943256, 1.3740833707094577, 0.12415700220724815, 0.03365683278739534, 0.08441880468073389, 0.06755117366531152, 0.04038379025336702], [-0.07102185214312283, -0.12233651755318366, 1.0069825585237568, -0.652776952466452, 0.19236526568936096, 1.504030976700718, -0.04798804854324778, -0.05617778094595816, 0.04301066349806784, 0.01603222773157575], [-0.11734188519878527, 0.13958923344601448, 0.11169673253726248, -0.20793197448434397, -0.014961757412046054, 0.6412867115069972, 0.07338985507324625, -0.11745020081547285, -0.0009868916621560162, 0.0012135615431009058], [0.12308768224826794, 0.09653060937490753, 0.25765202703714407, -0.1478315033415136, -0.07459177148104384, -0.18828179106651013, -0.07407072826566753, 1.5533314111169745, 0.691205793523236, -0.03730222050392099], [0.1125957321922584, -0.07462245392353875, -0.040475921227520494, 0.06396287698202757, 0.16324014172379087, 0.38572612799538797, 0.32019757652810427, 0.4513619991790055, 0.9408744589047344, -0.00789039666171243], [0.018912419267759255, -0.07637673373419933, 0.020885248854899282, 0.05081567547866858, 0.16064659577594625, -0.06418773244915225, 0.20973271478966082, -0.014783066838017812, 0.3682913036597679, 1.7338583778132588]]),
     np.array([6.808502613362458, 1.799882397163765, 2.3365984828071538, 4.510526471878794, 5.824618471740013, 1.6943714941444228, 3.3505369787639196, 2.687769037552852, 1.3038365865650088, 2.9985384355955667])),
    (np.array([0.9435661846589987, 1.2867875891258669, 1.1216318303995887, 0.7724070215916968, 0.379663976436746, 0.21657567015997828, 1.2034905787875803, 0.9364443860536907, 0.2735594489081514, 1.4773190465976958]),
     np.array([[1.2105152413466034, 0.046814371872345634, 0.5503699140389079, -0.9535272394030816, 0.6160671612454635, 0.657590070420166, 0.22298443046221558, -0.19022541447037372, 0.18852435536983495, -0.02829437224532306], [0.7700663246988734, -0.20690198472561835, -0.1404027395109986, -0.13112413084364752, 0.33471223692654983, -0.07088550136176809, -0.041785903295254126, 0.08843645031446559, -0.004201945513524093, 0.01823231378902467], [0.27062924777409275, -0.9591642936172348, 1.1926486268016476, 0.3144564884616288, -0.15051470571688152, 0.27240144798455057, 0.05048629382136669, 0.053643426963070936, -0.019132115801143868, -0.014196156765007188], [-0.3330845584922776, -0.0071760920672912214, 1.2767149209015674, -0.4074281523444325, 0.26117732240380365, 0.41248872291267547, -0.0023487085467223993, -0.03114648912517977, -0.017351574574161976, -0.0004943357634790936], [1.2971140349732058, 0.368991464449766, 0.13359374220714254, -0.28002288536568976, 1.5489555778047923, 0.04621693246385262, 0.12311335203757792, -0.051746808695589945, -0.044228957503257275, 0.06048007649035865], [0.010981232363292263, -0.0700104438216161, 0.9499355011196492, -0.592809233718802, 0.02343893299673969, 1.8943676402641307, 0.02431802569871275, 0.03415392950110785, -0.07447173233279787, -0.015873527187181907], [0.019189315549018544, -0.003801952007324343, -0.00732003180698514, -0.2426452128375763, 0.0773930951080847, 0.5574589809396783, -0.30328191956005773, -0.27380909850971036, -0.206834375922073, 0.010095592597229936], [-0.009558995766104597, 0.06904095810508168, 0.024322193653717284, 0.018755232322463233, -0.010359551099282474, -0.04794219722263414, -0.02942241420541011, 1.4931036759054004, 0.416543430964392, -0.08070081293642317], [0.040570240286573765, 0.01860486849433448, 0.0254073235796854, -0.07674504350359435, 0.0052062580027628135, 0.43361787671571794, 0.42322380515377384, 0.6865461283872082, 1.1102021279206384, 0.06693005276455133], [-0.010357221761029732, 0.12250883866674243, 0.036504348903848814, -0.27777520649777665, -0.05489189540147918, 0.025377800666164622, 0.14213875549126737, 0.05749421575322597, 0.2282619998673653, 1.448333778834208]]),
     np.array([7.932692800645111, 2.0219902023945977, 2.118996558900109, 3.5265099762466825, 5.493262023121468, 1.7831360021925176, 3.0866249171230566, 1.8555151728462396, 2.5195159698780216, 2.033836835640462])),
    (np.array([0.8800020873564202, 1.3760721855463904, 1.2318887891847445, 0.7887864211584429, 0.3923488045602996, 0.21999222054207496, 1.1560237102245725, 0.8802410654011668, 0.27518927981849683, 1.3057744293845217]),
     np.array([[0.957804461731363, 0.04867343202771813, 0.11491896812775391, -0.7035907148069562, 0.3122119285044154, 0.7645941036534066, 0.14947755487553865, 0.022600606243002384, 0.11444269163436513, 0.0750392471932641], [1.0002003669246309, -0.41505203827915255, -0.2542964675403938, 0.07345097354935222, 0.13969920727235688, 0.24903606940750136, -0.007156328773905497, -0.005931718090709899, -0.054704075273033385, -0.031510160310681976], [0.12071859582762735, -0.842261088233168, 0.9758943989948881, 0.07750603084670846, -0.06362047374537338, 0.30759978340242716, -0.11645311391529084, 0.018944705875976506, 0.026667859355644963, -0.027421580293626728], [-0.33640356430129675, -0.07972462740456449, 1.4832640368381669, -0.20440579862268035, 0.27033833681064506, 0.036002736622504625, -0.03321266237379633, 0.026439011863211813, -0.12183957179707366, 0.05430342871507086], [1.0679675226720944, 0.11269650208648588, 0.1919556124767347, -0.34150370620382126, 1.6589145509067331, 0.32493579403684164, 0.058418761902250836, 0.11069753187183802, 0.03650994938805837, 0.04541785930664882], [0.07770718383256671, -0.15970860028305364, 1.155200255081136, -0.7150517924472315, 0.10467266750051221, 1.6578779084094006, -0.031086137788717473, -0.07174348200421866, -0.01840617351361469, 0.05873304608262405], [-0.011559815329490969, -0.00429574245649011, 0.06208512060005033, 0.13599918972141614, -0.14304356909793747, 0.5166034164098732, -0.38847345299875113, -0.35494408483055157, -0.17086326188152698, -0.02275892031534986], [0.04890367920804566, -0.06624497022154047, -0.07985584922631864, 0.16920178111026943, 0.19990294999344438, 0.11667888678030776, -0.08962714386567301, 1.2992585895464497, 0.40713967088598524, 0.053881806050200674], [0.02669316467501726, 0.039879716736997556, -0.02552449238406777, 0.04290496388652363, -0.11120994361300121, 0.40984498032444444, 0.38470127872154675, 0.5755111116988972, 0.903988447651309, 0.05625672432941532], [-0.13854924187899945, -0.00765767474955968, 0.20030877080874954, -0.1937340520041779, 0.10386408743868028, 0.011346915162593318, 0.14838389678696556, 0.12128211414664633, 0.5681876563631064, 1.7292159634883244]]),
     np.array([5.568387262563639, 2.2270370439887643, 2.139077432484337, 3.4260950740621574, 5.690646733122403, 1.7786284511680048, 4.3566417618526945, 1.8288598265996772, 2.2174961908209196, 2.402074272709069])),
    (np.array([0.962403524372262, 1.1983529131016208, 0.9397706612751641, 0.7768849706019725, 0.41658878383347125, 0.21955542729443273, 1.169711495658678, 1.166379720861746, 0.3326176624265807, 1.461272057144397]),
     np.array([[0.8409146983383091, -0.08230660454239433, 0.19454610065954886, -0.7975278322412055, 0.8547633182658778, 0.40696097199016124, 0.12430318782310901, 0.041642366706037555, -0.12807250421745558, -0.023343220149968563], [0.930403770786313, -0.1734725912620431, -0.18273618506646971, -0.13382089267946065, 0.12014500432580091, 0.07299398205852897, 0.031834868977609926, 0.07602896627728939, 0.25982820003973467, 0.03233072829407053], [0.323979273168609, -0.867784694802103, 1.7821797545774027, 0.12800731154585118, -0.13247110562396383, 0.2581136345976739, 0.03020818167617617, 0.013369704707032073, 0.1341909403758509, -0.05664108508178752], [-0.3931640626949751, -0.004526674937616942, 1.5346325676556947, -0.27601268252041805, 0.268896637157745, 0.3804871830940968, -0.06212820262466836, -0.08082195110701718, 0.032393108572036526, -0.03126248046548587], [1.319450184554816, 0.164935044780913, 0.2519449439535959, -0.2801986801692864, 1.7237963886250045, 0.03481742632802308, -0.02800617323187601, 0.041820465824093024, 0.07345483969383243, -0.003721922880062958], [0.028063016908384305, -0.09923110979609909, 1.0715589939997516, -0.7747857085227694, 0.09709247007150577, 1.600298226994667, -0.020837331958018068, 0.04592849954550111, 0.019141594748584453, -0.028049903863997482], [-0.17551958492943762, 0.04911299800167108, -0.10481871631422696, -0.04860042795185052, 0.04395232725937916, 0.5914992629126685, -0.27288850618453925, -0.3241500895859219, -0.05199226695495032, 0.08954583387848351], [-0.0342459686267255, -0.11968467645816129, -0.004755821346505989, -0.13744863355174655, -0.21447093076813736, -0.012864906060553152, 0.04553044450710001, 1.0078819793577976, 0.6286271886514521, 0.02070139313839305], [0.05519326512042053, -0.0031648701051181635, -0.052380408449819775, -0.07030823645010541, -0.013848708464924354, 0.33558989058110933, 0.3493060976264833, 0.5828611588994187, 0.8886392728155907, -0.053232728638337355], [-0.010918691483170108, 0.19956894236542452, 0.010412478725508198, -0.02142495660471578, 0.0578749249100144, 0.05155551864783728, -0.0556298968651029, 0.1783797188733899, 0.6364704191605426, 1.4573601667936813]]),
     np.array([5.3606539134539615, 2.7084873740980244, 2.4128960635682035, 4.206451697705685, 6.927815000878867, 1.563837526217383, 3.4624380637863714, 2.0295757428806485, 1.7225453931275387, 3.257818870587588])),
    (np.array([0.9660571595857048, 1.3613286397209197, 1.1791792496924212, 0.7552563177695761, 0.44224451979234414, 0.38147688573497235, 1.022678445372766, 0.9685006606161624, 0.5625096633676813, 1.5237285592479102]),
     np.array([[1.401416506056112, -0.0011863344297378213, 0.2782135597384598, -0.9517685502226922, 0.8032485554645032, 1.0099346224627612, -0.0007541272423461203, -0.024105698971159488, 0.14543896235266884, 0.008576322489700765], [0.7646859662770081, -0.26173634797138223, -0.13153776471312192, -0.1122355092429479, 0.1058019786362656, 0.16946726789394337, -0.04001989220799066, 0.0579669820300257, -0.10256938810087197, -0.054948491453538764], [0.2887737594503782, -1.142911704231649, 1.5058020268571328, 0.10120021235611733, -0.006637834370462668, 0.4520667685571131, -0.061185382882482944, -0.0007337517128514352, 0.07211777556009823, 0.05214446963807762], [-0.5407672606688039, -0.008276383731155895, 1.3398434576081568, -0.07991152903904222, 0.32607714968457113, 0.5173823267996405, 0.09443493230934638, -0.08424539978213401, 0.07441662501594747, 0.0019048515543818552], [1.1895955663224498, 0.3034293403585868, 0.17610338498802927, -0.12784845300903247, 1.7671595910731221, 0.0857874299676754, 0.06130166452939424, 0.09230271840064204, -0.19108961497683027, -0.014524923707340305], [-0.005986562720991473, -0.11462826998822513, 0.9209775122567959, -0.6776607999364871, 0.1623096267791889, 1.5628375426970684, -0.05982583687163321, -0.01243464885277109, -0.05717844733339859, -0.044800822437813956], [-0.08239084290090931, 0.026152280843059268, 0.15745233582229287, 0.12351541464745196, -0.012325881179374039, 0.7643863177406008, -0.1007928737876778, -0.3013863727403186, -0.1650061388821497, 0.039310212133483936], [0.1981508255781779, -0.08640059121971515, 0.08277571869757346, -0.10218811245797578, -0.10310280886267084, -0.23738871863471214, -0.03480169662241046, 1.60057887096795, 0.7782880677447369, 0.06139236456100958], [-0.21672628194253452, 0.020088356670876165, 0.028178096218485004, -0.04196844618048192, 0.005183782358481615, 0.45006965481962236, 0.36591226944149075, 0.5633687024544418, 0.6793653541324061, -0.003077920548276226], [-0.010939502197159999, 0.15512925641721276, 0.13679488245463256, -0.11218609267552206, 0.1522620429808414, 0.23252426504660834, -0.16120721083743575, -0.014179584349001212, 0.4800789920809454, 1.5645645133913533]]),
     np.array([9.908229279249714, 1.3499904946318544, 2.3096401139675775, 4.8262044491453295, 6.451414624938946, 1.568698313832412, 3.481136366435492, 2.2799641299368796, 2.7138244762660175, 3.7543944341166364])),
    (np.array([1.1065148645157301, 1.4893377035410384, 1.0974140117039082, 0.7669990250607586, 0.19599954064078073, 0.3196370193867726, 0.973239721420149, 1.0696622004387284, 0.4435415761678889, 1.2820392379710492]),
     np.array([[0.6216694609872166, 0.04520672734176177, 0.3226268521081818, -1.170126086974674, 0.38550210883900426, 0.5129629580499908, -0.1783990579912264, 0.0006321963641290996, 0.18161817944180234, -0.052556497540466526], [0.7352392653825298, -0.4979747134548747, -0.3131796905979669, 0.13835384118976185, 0.21473302159413613, 0.12204770558258556, -0.02617604787365434, -0.04921500119868451, -0.15595729810803755, 0.021845249788072094], [0.11891991747547935, -0.8779670040035042, 1.1477936860731353, 0.17893023918343076, -0.05871524973901327, 0.39105579899865867, 0.03155498048672793, 0.01330372905044254, 0.06243782986807138, -0.00280029921958592], [-0.42255421606061055, 0.013471056276889999, 1.143955655039827, -0.26723701495396124, 0.17946772425134735, 0.24994326624822533, 0.0023192340100806753, 0.10331997616300698, -0.1294009960777475, 0.07396866713275496], [1.0330892242184697, 0.4735992570060729, 0.17759453793503016, -0.05759981877248168, 1.7600415854244715, 0.04707506855658997, 0.013353643638092848, 0.017915502933012036, 0.05386954577646435, 0.10092956316540935], [-0.011987267478223608, -0.15200622648532533, 1.0553188525554607, -0.709832803940716, 0.12450967994167078, 1.728762169536247, 0.01947626148211819, 0.0348683818552764, -0.016951231279447976, -0.052145151833910934], [0.08071500099810122, -0.03577523636529664, 0.055250179651953404, 0.0682642907577633, -0.0327092822241393, 0.3134125098916311, 0.005424064263979637, -0.12444006092778243, -0.06398610345039844, -0.0029936072970684915], [0.03460663559655606, -0.08518133030294968, -0.11291154246566341, -0.07035789143420829, 0.10586303148744763, -0.052201562409588655, -0.06858042982836332, 1.3970192978026077, 0.6316960945160749, 0.02405529714215229], [-0.09330760346753338, 0.11984234155963445, 0.021569468675324468, 0.0626245734628627, -0.013361516139075645, 0.36168252434234677, 0.45867467329740097, 0.5732629505412976, 0.6341116794781065, -0.07529315709584261], [-0.11027754383965203, 0.2178412213130136, 0.30319859201370597, -0.054383743906070176, 0.191832596043466, -0.2974404467380518, 0.32168565406476846, 0.07372591809510702, 0.585600619263328, 1.5987272269283772]]),
     np.array([8.037290524109334, 1.6168752554710604, 2.2889947180713346, 3.0068264011388295, 4.1844002824647255, 1.7500213378797131, 1.4318439531240592, 2.3100587056885775, 2.526454263564796, 3.0008901922915863])),
    (np.array([0.9792336085529846, 1.0886369669049318, 1.1835678453142122, 0.6870045773248806, 0.4120287096300982, 0.19261829608015235, 1.1427452691060234, 1.008808623826837, 0.41699985369450293, 1.5422422944857825]),
     np.array([[0.6181504853993303, 0.038661439645939, 0.22994483222373427, -0.7749163047262603, 0.6302392957397734, 0.814812146170342, -0.015140939673497935, 0.17481836609328402, -0.03790693516822628, -0.04010956137828257], [0.9942719737003225, 0.0014500647428568587, -0.1479974191391972, 0.13177665669224709, 0.34978621264840476, -0.10642382052313282, 0.07866166795387547, 0.22344842558646769, -0.17095733131564358, 0.017612093785824956], [0.191176366092248, -0.9812242570408831, 1.1366753232916276, 0.07678385939893038, -0.18375674105932518, 0.2657642085912439, 0.07838914236886363, 0.04943143485030835, 0.013227216009958272, -0.008343105926482602], [-0.2769042517902646, -0.013018299460710895, 1.3409371098551932, -0.16170213102736727, 0.32641295068502174, 0.36108737697334187, -0.07011208000849205, 0.013566202801767166, 0.10860800642777686, -0.05978266203436934], [1.3760247768216123, 0.26299569793513233, -0.08625602399589243, 0.1768845029060238, 1.7822998122391802, 0.04360255102918674, 0.021258776886081004, 0.00458260926757922, -0.0041228025075432245, 0.035527070862090414], [0.02848920108180941, -0.09282021960849854, 0.8595646201329151, -0.5322408360841153, 0.07792115018015996, 1.1803819385005698, 0.17516453186243872, -0.006907787486574926, 0.028746159998272725, -0.0508804220546247], [-0.10363257767847235, 0.04171413569781697, -0.02538320622665147, -0.04400706347678139, -0.027244625297918726, 0.5978951515218669, -0.10434738689299637, -0.28090871644111715, -0.06491554983940945, 0.008109572379276942], [0.21510909456477637, 0.13485839989649728, -0.03358351025985483, 0.020115038250021883, -0.045920056588785584, -0.07007907964635327, 0.003786983623111832, 1.29136188469604, 0.7539369512447881, 0.1171542384227827], [-0.02346324130365917, -0.030585235196924902, 0.06267285798468519, -0.02991217563761575, -0.030570491825191472, 0.5361858166785429, 0.14702226392391593, 0.54786433618076, 0.8916179784467811, -0.07495760272251963], [0.0052226029887997875, 0.009933962039395904, -0.07209026096935989, 0.04113848850221691, 0.127792315788366, -0.06239832058799261, -0.07573060644016046, 0.010473161194368275, 0.43916575236870553, 1.4312717796769538]]),
     np.array([7.54534524134299, 2.420172552353358, 2.3524088548321447, 3.8285918213429397, 6.710500174356861, 1.3678904009571757, 2.567871531451955, 3.049892833826548, 1.9335536399508941, 3.1249312550489714])),
    (np.array([0.9930383160178025, 1.4321648441681722, 1.2503299793735094, 0.7393480030329702, 0.2845863828648599, 0.27095660339108196, 1.1306221543762345, 1.01611242027931, 0.43146926090043736, 1.2596811092621]),
     np.array([[0.927375183781701, 0.019336451978117987, 0.2760752691073996, -0.8692625351341741, 0.5976098923984888, 0.5948077116308843, 0.005238359944958059, -0.004234234908100704, -0.03787371394875125, 0.03230536597195569], [1.0842016588792325, -0.37153446077658964, -0.4166444743513293, 0.0533328258923194, 0.4234573497520888, 0.1525447500478243, 0.1600574100397751, -0.1190296878360321, -0.1645320310444718, -0.08698242859627378], [0.2138743789926117, -1.0106953885232053, 1.0776887548691738, 0.17521727837724368, -0.1829622946514195, 0.4893964974767291, -0.00030377592583525443, 0.0014720508126718115, -0.014110013840497917, -0.06704644680525408], [-0.374902715542165, -0.051520811815800316, 1.006464583091615, -0.23695457143221696, 0.22147082627247489, 0.4436653429632778, 0.109572768262839, 0.13322049983209366, -0.05314492425192797, -0.07044953199085362], [0.9950853594665924, 0.27726823939111755, 0.18148702611376646, -0.1460162784959665, 1.6579403043035954, -0.08891541010481967, 0.07842246250957612, -0.006146958074421835, 0.22799504638811804, 0.07926410127077327], [-0.02040205251598943, -0.10336981321532406, 0.7998524661770464, -0.5498410729330538, 0.11577204456233735, 1.3631365981237566, -0.056685922014599766, 0.007079244420840579, -0.05268863426086733, 0.009680199938566449], [0.015057068030992228, -0.02449461392866301, -0.045866501760962526, -0.0017685429179831545, -0.06758763094936246, 0.614268030601232, -0.17210560073655426, -0.2914637119112965, -0.014494157418773673, 0.08712735914131202], [0.16083725699389453, -0.05057264801511643, -0.1546414058148758, 0.13717505631874136, -0.14295918432635082, -0.07010107919234618, 0.1624876826367454, 1.5454331271400548, 0.45990241409081, 0.08706582204961114], [0.04114646862106285, -0.10732041449802195, -0.07811621031629905, 0.03054231124010414, 0.07617485366146212, 0.2818864633958129, 0.2812388142518364, 0.6838055508007186, 0.7511492260880115, 0.001458936574259755], [-0.033559321224557404, 0.14802540634416947, 0.021121156181204564, -0.0180369674984547, -0.06585895604329713, 0.09717073033566037, 0.1523874307831014, 0.09429455049615047, 0.7509232347416711, 1.737865650231375]]),
     np.array([5.597130696076465, 5.05126299600996, 2.493480877325104, 3.580606183566801, 5.167632756968825, 1.3437618026432785, 1.9557225386276917, 2.51255198950166, 2.0257545927371265, 2.963741232893235])),
    (np.array([1.0013310465967538, 1.4167300500072364, 1.0502213550037807, 0.8686383281809333, 0.41024853900500746, 0.09237409263751975, 1.1033044882879006, 1.0662654111426966, 1e-15, 1.1637936653680974]),
     np.array([[0.727022478485556, -0.09191848064333681, 0.13103811997138218, -0.9686668440188528, 0.7707427123188756, 0.961114258134561, 0.07988439608131313, -0.1239553546349877, 0.015513100629734733, 0.08126646062604742], [0.818098121134753, -0.4632897212641247, -0.21106724346015507, -0.031541477215028375, 0.06842757851205149, 0.06797865651686201, 0.06637153946245257, 0.1783075399675737, -0.10411798567882338, -0.061906580440497225], [0.24896753453736947, -0.8867252406744258, 1.1534844336499448, 0.09074116164171699, 0.023503171092818305, 0.33919313838496845, 0.00856234922730635, 0.006056785948451697, 0.02926373484002862, 0.0167716692459216], [-0.3337600314659449, -0.11546143211643811, 0.9795492087244654, -0.37200028546331504, 0.2174813417012937, 0.3122923007360612, 0.1393141083278113, -0.11185564880611351, 0.09446662635400274, -0.14233635656342586], [1.3935867486197249, 0.26659388236802845, 0.10099989291970018, -0.2164003055806221, 1.369091858505012, 0.05270386318044395, -0.0955760406849248, 0.08532829415706773, 0.1188721579826144, -0.0613977112568948], [0.016040275729631806, -0.10748833343552208, 1.020890668961655, -0.6406185525996535, 0.12150340861813444, 1.640298514924252, -0.006935696279551462, 0.04812493042725128, 0.04084666166838785, -0.0024186865255222526], [0.07270388233575747, -0.027270143636844095, -0.021580734880375946, 0.08672991392246228, -0.039961785673994575, 0.4627707519279304, -0.15840714862752422, -0.19414477055733362, -0.15229717049987662, 0.03258427012911923], [0.03831124588499638, 0.31587800124225845, -0.06392466105463386, -0.09867162238258763, -0.10496389222231042, 0.17932913585467808, -0.10776558320326325, 1.359182594473205, 0.5970744741605791, 0.017336141132367963], [0.12870091040047313, -0.07946914991696585, 0.020833180402630953, 0.1474068461734389, 0.09027954461388474, 0.39755012959931574, 0.26948889045512786, 0.6612830156043553, 1.051171935006058, 0.05886778707218422], [-0.015160867649176183, -0.03850902003520313, 0.1271985691764781, 0.08656518821166925, -0.010910693509740988, -0.06437954134566945, 0.01215195909774033, 0.021917222086251298, 0.485055777734246, 1.813226572784818]]),
     np.array([8.34431704110053, 1.750729421538791, 2.5019699733142353, 3.845975257461402, 5.5054402338679065, 1.4843615995988442, 1.8714247083991804, 3.0418723044716613, 1.6487080603420972, 1.7700201986777797])),
    (np.array([1.0630456644001303, 1.2036575070722617, 1.1775136531604755, 0.8021822869354769, 0.43695148184757926, 0.35473001036821183, 0.9626014696615163, 1.1304162917799558, 0.21767699785620406, 1.7140654947006362]),
     np.array([[0.6619561163661937, -0.08779667395229097, 0.19028424950208536, -0.8067667948870564, 0.2803457935823424, 0.7743995831625051, -0.04599172696513955, -0.07321673469223279, -0.1507199783823913, 0.013418617028601365], [0.8338739184579422, -0.09137002215933412, -0.24294798374876786, -0.007897383568787306, 0.38777038516947243, 0.246654045030805, -0.059716799601625, -0.004501543680949524, 0.057938668916232214, 0.07549677052385527], [0.2161574845709401, -0.9218631323958311, 1.280276107709235, 0.07863655267394018, -0.05303578538688388, 0.5229050524693512, 0.02236573634411757, 0.006867012818948534, -0.026639489402763103, -0.012061882257343337], [-0.5480220473826436, 0.04644661019108552, 1.2830797122839104, -0.28452210878164313, 0.23387447182146917, 0.5849816136174958, 0.020294371744209935, -0.02397514168051604, 0.1055110261674744, -0.02461213668374653], [1.2767398204926395, 0.16331307757110147, -0.037665116461990264, -0.2613656949955942, 1.7488561661689965, 0.16141543315605428, -0.008003779141451112, 0.02113767359529043, -0.040644399395867524, -0.012440649332781214], [0.046678107413441416, -0.16016654012866202, 0.9131369640776245, -0.7694083815737001, 0.060362237274385104, 1.6389334853516568, -0.06346472144159568, -0.021061052321814277, 0.06491615056462662, -0.0003499946105013027], [-0.15920621366518747, 0.07487112731223439, 0.035235837485372824, -0.029489557270552698, -0.017743281043510455, 0.4674088506228864, 0.08580626645502386, -0.14572215226490282, -0.07636075487541231, 0.08136799991512682], [-0.0864127039889451, -0.052894926418242054, -0.06219074685870667, 0.11223566940505342, 0.1238980079961216, -0.05089662920682032, -0.14998370591978966, 1.685176243179367, 0.9782298654790083, -0.04370772304594068], [-0.032610796876937624, -0.03480696770213887, 0.08289882091864965, 0.1066078942086899, 0.06173955029988374, 0.32545324037551426, 0.3172453711827168, 0.5961101616657843, 1.0193943056297432, 0.05196834405055549], [0.11504987301343944, -0.04289768500747425, 0.22222493866679272, 0.28696667448037666, 0.35535670598544006, -0.1348737526971101, -0.14784639447788855, 0.060533896974655964, 0.2199846512989846, 1.1029316541268988]]),
     np.array([4.24413278539437, 3.6316987135852665, 2.5090481806747698, 4.08120025807013, 6.592994366161471, 1.6415318471287907, 1.416190065512336, 3.0026374042460318, 1.8918133278028415, 3.8043706894273615])),
    (np.array([0.9278861198247029, 1.1893181969362638, 1.3040403630091946, 0.6886030334479442, 0.3324490383420251, 0.309617346140647, 1.1797263891456136, 1.1740042807022508, 0.12308154242563837, 1.3174034292463923]),
     np.array([[0.6457081462773585, 0.1418639779614134, 0.33123590396581226, -0.7239248616766757, 0.6947550004283886, 0.6961587471576339, 0.19403133312713217, -0.09906035602472439, 0.10856521423216263, -0.07628089546793056], [0.9977269217599098, -0.15628832625248135, -0.049722652791442425, -0.24631441715075494, 0.33957126416823546, -0.2563913030980193, 0.20085776712090536, 0.014335429329580002, 0.1103256977804677, 0.08649704070946651], [0.1844832460553333, -0.9260449300293792, 0.884953179242604, -0.06034544440307168, -0.1275340288120345, 0.5456802593873559, -0.19255437551407178, -0.021932749477167713, 0.027462982381017468, 0.04315739602231598], [-0.2832358366252946, -0.019403349332391868, 1.48910753641185, -0.1407435173056235, 0.30928521250587526, 0.16020367976655706, 0.06749763737866707, -0.016749787052021785, -0.0794942501815984, 0.0942071320209371], [1.0577904698050633, 0.23731621244332357, 0.1771933031474238, -0.25781357182193815, 1.0212641863284633, 0.07798958271394983, 0.0015458551846168561, 0.03768487390963646, 0.0722720994058338, -0.01563962685680981], [-0.03619263726906545, -0.054278409769668017, 1.0327946939667494, -0.788501183609742, -0.020647095168589, 1.4956629601512716, -0.025094714232946107, -0.02024709278355124, -0.008080366197311804, -0.00815440305291133], [0.0016278738138270064, 0.06940558948746227, 0.005354615898169369, -0.04540054536140201, 0.06934851215147007, 0.6277263978839551, -0.09321239737468358, -0.3668098320204267, 0.013020549968135273, -0.040506379475480456], [-0.06817457367988568, 0.014786822505201814, -0.11091487715078514, -0.08579467471948242, 0.03164339202001277, 0.031190815459302846, 0.09721427409979679, 1.272043863521265, 0.7857428269143206, 0.0585745286136486], [-0.03654898206142099, 0.01139500508099715, 0.03601642632273899, 0.01843322503749278, 0.037932294402143546, 0.23085021752494808, 0.3704830966906097, 0.5284466285903417, 1.1613827121857967, -0.035367438772307136], [0.26004756941277435, 0.17709109319755958, 0.10580548112892275, -0.1443069492361395, 0.12304624991628066, 0.21323741992175185, -0.0552397670684463, 0.1657667447094067, 0.32349013104559826, 1.7699286617591736]]),
     np.array([6.025021447341629, 4.089208614234951, 2.285454853161837, 4.204552470675767, 4.407377962224604, 1.535733052759537, 3.097789569269052, 3.5979115490946, 1.4167884456583364, 3.489153577461456])),
    (np.array([0.9756072291916601, 1.2329937091803527, 1.2387728286400832, 0.748270293547618, 0.44679866181651506, 0.11539155854059872, 1.2719164289809677, 1.032452300852742, 0.25196942562354574, 0.7420067494408995]),
     np.array([[0.788641759092928, 0.0906367637811965, 0.08249971466683886, -0.9596289126351718, 0.650978511519531, 0.7294023177303816, 0.03432191714220033, -0.07576387637877395, 0.07643744181462532, 0.041129374692563114], [0.8906141532623434, -0.16950404823852402, -0.26622040667945357, 0.0721055755296075, 0.2852600204011814, 0.12674952837866324, 0.02512433100120092, -0.07215422118461325, -0.10687358317258383, 0.015070684662477104], [0.2213246087755412, -1.0166927578664553, 1.4666558162454764, 0.07480058300195516, -0.158757867183268, 0.4001522467143464, 0.13196344977969202, -0.010277869943583628, 0.017647961437921487, -0.07521345282016798], [-0.4651825374886194, -0.05860980427720101, 1.282402300611269, -0.07027080821427804, 0.3152065821404416, 0.5164547000304839, 0.1151944773287208, 0.03456377964754402, -0.11332764832349179, -0.025056037311570918], [1.3801664341180682, 0.20621974773973623, 0.2585150342481936, -0.16952790233566867, 1.6164816009341145, 0.06020250417498245, -0.13353420648378847, -0.051554853525570335, 0.19944384238857418, -0.1541866297505631], [-0.015241269247925815, -0.06754903640293958, 0.9638078016771502, -0.7370910039828015, 0.21512972941947056, 2.083092051015711, -0.05584893511746153, 0.048188876028296274, -0.014827398080969393, -0.006872628002054844], [-0.11585785216006672, 0.00937764381996071, -0.0832007194012725, 0.09316228892870086, -0.08070058811712685, 0.5621140707077212, -0.31636482090170515, -0.22157132461884402, -0.12552574419808465, 0.041910424878759456], [0.08571925702121548, -0.08195794919642009, -0.14717725073463425, 0.18785935718680172, 0.09206395519685415, -0.04339848636685601, 0.35035729546586164, 1.5786300797350212, 0.7623642130007815, 0.05791943999502074], [0.07734439063424384, -0.00971129356543809, -0.053416874209587094, -0.0029380918733607174, -0.0425298898788759, 0.38572068368724194, 0.3038563113316341, 0.5178301543283815, 0.9779451693103355, 0.026293846210373485], [0.09266932949103121, 0.12268536572782432, -0.0002741420492516775, 0.17770747838159479, 0.001670273697002099, 0.1374989693393806, 0.010354981356539427, -0.023099835446423536, 0.35937477498821857, 1.8999866843612963]]),
     np.array([5.18064400743681, 2.8705389651373903, 2.4858043965576715, 4.112732786608917, 4.75747607540861, 1.7240288537519843, 2.0995376364970286, 4.030783480642027, 1.6097850777132607, 1.2003541244008062])),
    (np.array([0.939721648043363, 1.616806736078749, 1.145095878071196, 0.6408332002130688, 0.4243237817772948, 0.14243938735550535, 0.9686810123860995, 1.0758683882116784, 0.1777678952461065, 1.2100754933368925]),
     np.array([[0.8146807911145261, -0.030952712674441583, 0.48053738266306056, -0.7072403763922426, 0.6198915001691047, 0.6705639675741375, -0.19296093833334202, 0.16404775257423224, 0.036525957979508625, -0.04781727655729613], [0.9156115774916844, -0.491519703295397, -0.2420658746279986, -0.09365547018513092, 0.3124972030519004, -0.033325343170022184, -0.17766388274137473, -0.11285755832858192, -0.012843999437634777, -0.09213047029068368], [0.25109842761210777, -1.072841254180798, 1.2353107218046726, 0.1387023204993152, -0.11472810243746716, 0.592019562970776, -0.08977821963786146, -0.0018627175112192998, 0.07538112064307284, 0.03399168519104388], [-0.45725779432404356, -0.024815292242285247, 1.5210120505503488, -0.13848483674535855, 0.2715481510453586, 0.5519227772797388, 0.04201373879069872, -0.11237118126866243, 0.07553107897228946, 0.11036919887818201], [1.3308561475685827, 0.23046236084503605, 0.15265363583356154, -0.1828952368786827, 1.5294324301342017, 0.1121977079305941, -0.08544511709858722, 0.039087457052828734, 0.0822798689938968, 0.03656915550695589], [-0.04553644927745428, -0.09503439262423782, 1.1973214471589015, -0.6718417674445816, 0.1077968868450547, 1.8317919783061822, 0.07105713306614166, 0.01879724218836611, -0.02206493568317859, 0.049568382985190985], [0.0025313933781709, -0.04781814953732152, -0.04132013922540873, 0.2037346088845869, 0.10668366962221304, 0.7341594835343745, -0.07228109482779169, -0.28983388306538166, -0.13325962628613575, 0.06625742378249302], [-0.18239600030254596, -0.11466944417930688, -0.04215077127967871, 0.06568800388160347, 0.2598899826870694, -0.07685096993781156, -0.14635471955947496, 1.3858095537663457, 0.6473923146579638, 0.08517698104813512], [0.05058676956894325, 0.01753780961575574, 0.011008599606694064, 0.050290116370591484, -0.07468141079584145, 0.2843172963477943, 0.18215677484363768, 0.5731059787234567, 1.026460528366016, 0.055388148014359824], [-0.1952433955517941, 0.3616645694160064, 0.09029244413577366, -0.057258139565650804, 0.16602319619478476, 0.041009382907722186, 0.1922347955101186, 0.16496733473080824, 0.4506027537808866, 1.6999133574830756]]),
     np.array([5.171529933077164, 2.127358452049904, 2.5626065895966255, 3.67952184963177, 5.51747708426178, 2.115463512176793, 3.5155105078031603, 2.6781658960215218, 1.6583745785136912, 2.657528148149345])),
    (np.array([1.0802434222204975, 1.289921555475706, 1.2141919184754995, 0.8192964502771822, 0.4469370476810262, 0.21534372263430437, 1.1624000432231276, 1.1596325029373276, 0.4673206116911299, 1.6622405036998908]),
     np.array([[0.5637848754814858, -0.16864439956020266, 0.12375398477123781, -0.7990384525907013, 0.6185187711960836, 0.8807179444905793, -0.18236772648218602, -0.05469686554962757, 0.04279677931447831, -0.15267268116902621], [1.1298385342135706, -0.25764169454659536, -0.44916306299013237, 0.13179181584879332, 0.2265006019698793, 0.04694545089509911, -0.14269804622956503, -0.03681219068578285, 0.1631829851551613, 0.05390429822914641], [0.11103208934721899, -0.9648188779593626, 1.5039103721824776, 0.12348329360469891, -0.046656168745315835, 0.603433977424081, -0.08864184416197089, -0.02498505463538432, 0.014424577776710459, -0.0003547683767498481], [-0.48130610819254, -0.06665639051785677, 1.292563997088338, -0.24373508203810088, 0.18048159561239824, 0.27256254914783473, -0.0423250891159559, 0.0011554193835461655, 0.12990627463066604, -0.07456688069208886], [1.004525520467691, 0.16159095431206466, 0.13754942345371124, -0.20909622956596474, 1.3395540355099516, 0.1283610437234866, 0.07687659014129583, -0.031043155708520648, -0.014590274921279471, -0.013866347832510307], [-0.11067118269466943, -0.10228242388034271, 0.9923860756797726, -0.7037845104289174, 0.1050131459420259, 1.6992251272940515, 0.0771040270325958, 0.027793580400089, 0.0025990546352810035, -0.007554397860129513], [-0.016120854542537092, 0.08558219539219922, 0.046826797202251615, 0.06977788875624023, -0.02494633253535065, 0.3910200760892746, -0.08858302223975612, -0.22973143256658304, -0.21117716920803914, 0.0307855563441487], [-0.11909491245167482, -0.09331801522344699, -0.13552920817526992, 0.024980419172695847, -0.18895847133221233, 0.014394260355701767, -0.025520423481434105, 1.1574926784074662, 0.4984416367405822, 0.06557686076159588], [0.11647951258111686, 0.22201369769860216, 0.09756157790729504, 0.03643865592978316, -0.14365482090509152, 0.18298021238743548, 0.22675997853449778, 0.6818561891949058, 0.61237438199842, -0.08053216760254], [0.06686673763117902, -0.017871338350155187, -0.15525082850125724, 0.27031391487369877, -0.029287519141653767, 0.20658481273733892, 0.2318784579373802, 0.23210961164376628, 0.2532498924341144, 1.4441845497301888]]),
     np.array([7.291561636056682, 4.126549749455589, 2.731045551261726, 3.854135001854275, 5.34193660783779, 1.5476322822786042, 1.7502605660828656, 2.214698394765783, 2.169623685859146, 4.20639817304057])),
    (np.array([1.1384587395170191, 1.1642144770932066, 1.0569014113641553, 0.692874373522181, 0.484205185508543, 0.16114351489762888, 0.9919597354647248, 0.9241422419568535, 0.5723571410608819, 1.3772533943657785]),
     np.array([[0.2665070839040805, -0.1502235766502507, 0.16036911586120592, -0.7638486958570372, 0.280663549901116, 0.7087190140358757, -0.035852551973085574, 0.048462867156283396, -0.2981330208440025, -0.04854721863731188], [1.0915392698746815, -0.2886554396832124, -0.013984130776334305, -0.022220091515675066, 0.1571334437691471, 0.10395567675761648, 0.21579222042846705, 0.06124037369578342, 0.021316040155688654, 0.0011654003878287043], [0.30969179080009995, -0.9531089578849644, 1.1679632019841844, 0.27541847361810695, -0.04213803791630007, 0.5712526862397559, 0.02560483223427018, 0.025681076909654196, -0.08187390850082321, -0.0029796039018627316], [-0.2983328352714677, -0.005409514989675456, 1.5217564512583088, 0.05160575442572674, 0.3298885235058618, 0.21209102636677302, -0.1651880263874303, -0.02708302400090707, 0.05420104792238592, -0.06929871402269339], [0.8257542582535086, 0.2426745057530205, 0.11357704257267634, -0.24426608280509432, 1.3656437288376568, 0.06778084152700085, -0.07924053530196734, 0.027805867549468156, -0.059245611543748175, -0.09771093773984994], [0.022642047743112296, -0.0686914211682769, 1.122196621823401, -0.623352368110676, 0.0629659696883905, 1.7712911096839343, 0.090682299906639, 0.022423485852627368, 0.03238139862888066, -0.058115453166125514], [-0.011702327576195578, 0.01688727147156703, 0.07141199770614909, 0.02301397545704371, -0.04887203955233144, 0.41413419846092875, 0.031578798258141264, -0.12857249194305778, -0.1050380137688589, -0.02475742504980327], [0.03369348383836521, -0.030651331842951733, 0.036673078880222046, -0.06677338146394789, 0.14233916296366056, -0.07401041171714232, 0.05173070593549965, 1.4077525204131134, 0.5963457700174413, -0.1099888523502615], [-0.07187864047949691, 0.059271207613141676, -0.019417772260621264, -0.12511920291377449, -0.0846452969787847, 0.5285031184548723, 0.2374038505246082, 0.6247881462793741, 0.49205142976125565, -0.020476497817356155], [0.18970840572915465, -0.09496558783025101, -0.11819602454671943, 0.2907247579400281, 0.001530859124382088, 0.08676946452610569, -0.035800797457882165, 0.03136069683183294, 0.5429899276522521, 1.6375373989784907]]),
     np.array([4.232205215474662, 4.46653871131086, 2.6397859388787634, 3.671841944512447, 4.874929932300718, 1.8933278969522251, 2.0547129596290103, 1.9505768489660051, 2.37046998257232, 3.1507766959593084])),
    (np.array([0.8186078320519681, 1.3699610176487877, 1.1215489845365103, 0.6276889822866674, 0.5367233843759166, 0.1312217067595267, 1.1238869179562077, 1.0270376344800802, 0.266159962130321, 1.6347547004941545]),
     np.array([[0.8621777699091964, 0.012668359192792857, 0.2833144704526928, -0.8453160366653987, 1.017205454639543, 0.6654168382461276, 0.21597094849999346, -0.058138649531006524, 0.03240184048167895, 0.16496013906346133], [1.1775269573210336, -0.5024579684729711, -0.24778434337122604, 0.17347484151367565, 0.29408457496131324, -0.232814921585, -0.08508230009174099, -0.17140426048458907, 0.11566042923924495, 0.09447500873381723], [0.20285164460073868, -0.870627708524317, 1.0911437641120243, 0.14938977870523465, -0.04876418020884203, 0.29145669420861675, 0.05647010572537665, -0.12991519765675205, 0.22608264027004527, -0.017226582540297835], [-0.34996140381793184, 0.00215996928575681, 1.1548249786444131, -0.27568177801446203, 0.15337289297750212, 0.4708990359418295, 0.1310160106833399, 0.09574851987647755, -0.050986285734059764, 0.00966651049753308], [1.3823918601183656, 0.12875596276399345, 0.21914007642183098, -0.38991064267882003, 1.4197689715714328, 0.14355072154643678, -0.11047421769809317, -0.060319852324573736, 0.05898888146215144, -0.06382119007487845], [0.08828816850366528, -0.08270285617584788, 1.0199811248543087, -0.645261542550178, 0.0803140617972727, 1.919237578432598, -0.038706019462727566, -0.008214655525333374, 0.021711924829700132, 0.0448283570123125], [-0.05589299408212493, -0.05486179975645125, 0.012027805178123541, 0.009942418661861272, -0.1559310702348528, 0.6358644417533992, -0.032553912514515435, -0.14154246740556276, -0.10866458824855935, 0.045895298646773414], [0.05999485452798233, -0.07567353470706392, 0.023623772532042474, 0.10544723720460825, -0.00636516922225707, -0.04221245673316728, -0.03291746001382764, 1.503133838861126, 0.9193260031362083, 0.006569491749860807], [0.017352039852111933, -0.0655614707254917, -0.01067691130340001, 0.0739964332292106, -0.022688957062474268, 0.34931668284243667, 0.4589212626628523, 0.5870793728427315, 1.0488172666798554, -0.03597788836223581], [0.18197165197939835, -0.14421196643140968, -0.04720450601786335, 0.035761164915644614, -0.13056345322311116, 0.1075256689674148, 0.005452306095382587, -0.053402795767661604, 0.22031716281940053, 1.3320794028005645]]),
     np.array([6.191991134480253, 4.596455502146272, 2.151564334110773, 3.3448536051433115, 6.974867025294138, 1.9911885381315488, 2.2449174053341427, 2.7558011175149852, 1.9133598017962306, 2.097515027577691])),
    (np.array([1.1410818916993153, 1.4465004933552472, 1.1088445471458863, 0.7988534857854185, 0.5100178556329911, 0.22916593728601548, 1.1469014987585828, 1.2063943139796542, 0.37539019965183484, 1.4789488324219013]),
     np.array([[0.8700978840679124, -0.10007694049805416, 0.36091961045618526, -0.834578264857273, 0.47745530508156303, 0.9312822240552904, -0.2423325184477116, -0.2233225439293508, -0.059348326193895774, -0.05933466897200813], [1.0513066458347349, -0.40729684808551253, -0.21365970563749634, -0.06524739763957432, 0.20471337618617283, -0.029772986542518764, -0.13254678234187864, -0.033462802395454044, 0.08546146430563266, -0.08094256990708494], [0.27246853541235433, -0.8896526033213761, 1.1604648827596018, 0.06647115020752821, -0.16395791585707328, 0.22149868490513325, -0.07527906515831767, 0.039468589273294004, 0.021064931217826138, 0.052664877359111656], [-0.42267075940378995, 0.03090731017062855, 1.3581922039937384, -0.27350454061044344, 0.17535110145542213, 0.3244384860575501, -0.03887130607256343, 0.06304069063248939, -0.11992598231290534, -0.03597778607994417], [0.9905239281206514, 0.16820402465674178, 0.08145860098947713, -0.32480294977425944, 1.2566936653081837, 0.0848501161625018, -0.10558409903503518, 0.07539520519918096, -0.0375607616913629, -0.06460112523592454], [-0.021100648011512943, -0.15175408129056872, 1.2244743952350219, -0.6891320769368452, 0.10241415983365011, 1.578996564895454, 0.003089394164903561, 0.025348356637347563, -0.02976039547814585, -0.0008906959000943597], [-0.11224106852497709, -0.014206643186694914, -0.04207505709373336, -0.062063873609789155, 0.0500191163912724, 0.523880553289382, -0.12792625038077995, -0.28219223461660053, 0.02993861195580989, 5.7146007695293775e-05], [-0.042909193573788654, -0.12396261692051579, -0.0023212258289232635, -0.1944379161539074, -0.0088770273380956, 0.22152901208826337, -0.09069617754362613, 0.8111396752800972, 0.48619752823141055, 0.04559976409453006], [-0.07235163245707059, -0.08361998924920222, -0.05270190817615458, 0.09753550879505565, -0.08044402816757239, 0.35242238685293004, 0.3595267267301275, 0.5285342481674622, 0.8304862089250183, 0.020968528776012917], [-0.0982624667461403, 0.09050703129129403, -0.06000763247468832, 0.18221692240745574, 0.15330834571995083, 0.03919223545464298, -0.11965994644049208, -0.1289408670308467, 0.335243598973356, 1.3395368423602603]]),
     np.array([7.432570072351402, 2.8299426719138183, 2.140604409821145, 3.6102003016938546, 4.202277585729009, 1.9149897611907722, 2.252097258343421, 1.7332370138250295, 1.811827195749328, 1.8949317589851071])),
    (np.array([1.0369185516902537, 1.3282897905658184, 1.2683297808189513, 0.6143885140687134, 0.29406876509145524, 0.20776624052646692, 0.9948378608513452, 0.958648197078504, 0.15950844915060824, 1.3114456696992967]),
     np.array([[0.4095012971526878, -0.060568770091820226, 0.3518763270502385, -0.8512876147078993, 0.3706765124807287, 0.5141146908669629, 0.11568426096220215, -0.12950210032665632, -0.06797335513489673, 0.08826528035877607], [1.0122382485189962, -0.30531368829492067, -0.03908817018899548, -0.09069271983175806, 0.2982835312990299, -0.07449313155363577, 0.08236628140279803, -0.11424347194537943, 0.07621428344842347, -0.052061201325381105], [0.24791257413263884, -0.9509607331383546, 0.8822485294027947, 0.06606880774206964, -0.13415530949782897, 0.4351688935545235, 0.029558413621753692, 0.05406797882092276, 0.005366140992798985, -0.03546306151340356], [-0.40695304191278714, 0.18684707471482695, 1.132965930140434, -0.08393181903035087, 0.14723271291046336, 0.2939450850720711, -0.04216867993173962, 0.06315005315842202, -0.0910080003123645, 0.08857588011215059], [0.9945266101581979, 0.12128897946777438, 0.12749442792174512, -0.26200420176060335, 1.3095633221465295, 0.05936543848636749, 0.053888137111151604, 0.00995789469767798, 0.06954535610679596, 0.00861624200192248], [-0.03057436533178824, -0.10350233052575693, 0.9471391174551854, -0.5551688816626267, 0.032662024314135056, 1.8323125640957503, -0.026346438108401697, 0.03840781554979641, 0.006841170987592093, 0.006548668152277307], [0.07282619600726319, 0.025464030839594618, -0.01313919372644971, 0.07321708075508039, 0.10205278744050116, 0.6090721225156255, 0.07905085927178518, -0.2460223091942881, -0.0842052515416273, -0.013030827443003138], [0.006375775343744317, -0.11511558529868307, 0.016640902956288717, 0.12790488506546996, 0.09947333908386072, -0.08870339469159848, 0.1223858512204374, 1.26995241903449, 0.34494673960935446, -0.1031659576307061], [-0.024541443085260007, -0.06205978631023615, -0.010649050822469752, 0.057009252381058514, -0.08253479453241064, 0.2912457291281492, 0.38915140646044344, 0.49986239703681756, 1.151661798237928, 0.015789219754594276], [0.053111619708346956, -0.029754732039517343, 0.044947972540709515, 0.2369266953217627, -0.01978911188324232, -0.1175886285845725, 0.01799518506714427, -0.012564369150435796, 0.37992313621394574, 1.5359364807291287]]),
     np.array([6.364383017572214, 3.2555808316976913, 1.9329082736213339, 2.7818966322323675, 3.781116669807069, 1.7267402716442155, 3.1374224722747956, 1.3598774383813446, 1.4026358103063896, 1.8191719436499973])),
    (np.array([0.9256280489901475, 1.1661258742015752, 1.0295114756384034, 0.8817131619209815, 0.4705772293678352, 0.1571634982460694, 1.1429225790495225, 0.8846911849452368, 0.07082125868986588, 1.4912952246232465]),
     np.array([[0.6822349290533887, -0.06808352856964521, 0.1868488240536541, -0.7563423414434404, 0.5505854409038554, 0.6887596567109001, 0.13291665924127063, 0.00427838563812036, -0.052237333524718634, 0.11325365249331912], [1.3478162706625572, -0.23753193471350573, -0.2283208997419702, 0.034258135410327364, 0.16008314932750056, -0.025249801800279633, 0.059430203273719145, -0.03885033822671848, 0.22989668601327623, 0.1668613339055775], [0.07609066949332954, -0.79020936251629, 1.3194857627901475, 0.1254695591947803, 0.036464006510327884, 0.42712698814334654, 0.11723504962834132, -0.018714308431999376, -0.04476315121966067, 0.06572403419096357], [-0.4589441857800189, -0.12606058416532087, 1.0313838090682381, -0.44346020083656934, 0.16313865548972342, 0.36098802050289563, -0.012317366378208143, 0.013028962440814926, -0.024251990936489404, 0.009442516942601958], [1.3351393920715873, 0.37248187594419735, 0.11940592314666405, -0.22199417659088727, 1.3785554794976116, 0.04059185747973624, -0.19936813914946838, 0.009511995417394063, 0.10150204966287564, -0.026485281903350227], [0.014432193408365677, -0.12858427820623816, 1.0982319044772386, -0.6224669674261113, 0.14817888569295407, 1.6607068369604396, 0.09092047441769131, 0.003728955455089204, -0.011468689052772705, 0.007878728187609683], [-0.04108457382955509, 0.05837104301282489, 0.02163009350542064, -0.015997437940237856, -0.05258734011903395, 0.5286738665138859, -0.05212742062798335, -0.20825037541875754, -0.05736755351136269, 0.0043294421264584585], [0.23074649028680896, -0.04937462812088154, 0.13908112735880118, 0.09019863588016976, -0.19923781285511896, -0.06143221296397373, 0.07879324699385783, 1.7196639367730615, 0.574330603763619, -0.009776011132327763], [-0.05220720368647045, 0.08620224394497386, 0.09630594184951366, 0.03128048612558581, 0.061051879385760774, 0.2570626957053849, 0.3699024683771618, 0.5520827487087259, 1.2632608031962427, -0.01134306750372263], [0.007432655885535644, 0.060181302968376815, 0.12606926173048072, -0.15616151789797744, 0.0227876074198978, -0.01342478428658496, 0.11679469379234822, 0.09375659055844837, 0.43073011880128687, 1.3333980850901075]]),
     np.array([5.744200662173307, 3.1547526933395864, 2.082136181325891, 2.796322021099175, 6.82220890780084, 1.615361075740482, 1.3567910270065333, 2.5806222844509326, 1.7105528890312671, 3.359694338715293])),
    (np.array([1.0486220696489814, 1.1185122232230593, 1.2784691493606124, 0.6985506003132153, 0.2726960910369731, 0.15986869032743223, 1.1284085585582209, 0.9278818458423944, 0.45748222908517305, 1.5133228029770105]),
     np.array([[0.6990154212862932, 0.3390546778605904, 0.607384571128141, -1.0784185040708434, 1.1719441119984122, 1.3376791638482457, -0.015349740602991449, -0.17491136990044093, 0.04605945167082367, -0.03746132581502116], [0.9635181656535511, -0.0670451391984452, -0.25691984244883725, 0.18513156302498243, 0.11794112804592007, 0.15764811333339088, -0.11615798164186641, 0.017128361681686886, 0.041755823443754544, 0.07572757548947745], [0.13201591952840483, -0.9451180180681744, 0.9665406022827531, -0.07774385335394954, -0.13133817669817732, 0.2838202070812793, 0.019140272603324234, -0.0139699012477063, 0.11831293461499247, 0.05564788451320292], [-0.38273808451898617, -0.059471004727268954, 1.1786628905568974, -0.020555600194608416, 0.20286156775697284, 0.29995718123192494, 0.1345177541415219, -0.028755287642865703, -0.036758513878578376, -0.042531484875947795], [0.8176490295989169, 0.22799061982922317, 0.03263159608141983, -0.15876364722119307, 1.5003770671981793, 0.17447044656886346, 0.031294658071480436, 0.07378658759356063, 0.05867036478888902, -0.033052733172780416], [-0.05235875093801248, -0.08938533387032459, 1.107879739993656, -0.5536159460253784, 0.11739967085194675, 1.689121476591308, 0.0597731893184102, 0.001661123768104511, 0.05376859535652159, -0.0030171848779912817], [0.04156000599078205, 0.030184090732799294, 0.07207848800181904, 0.03769330395967889, -0.014168299797890138, 0.31900278453873493, -0.11051741166085084, -0.2369342554873192, -0.19074371914910518, 0.03120457610329352], [0.06745449430361727, 0.046581180463987466, -0.059148446805822555, 0.1942083817329412, -0.06577470723274141, -0.027511760678509377, -0.13815099859375557, 1.4453591459123387, 0.45533034223855273, -0.08922146910956907], [0.11252846837447285, -0.12368823854841382, 0.03168509012188932, 0.20170013238595533, 0.08858581287948887, 0.15971462233572173, 0.22911284822934416, 0.42822441943885836, 0.626387893087745, -0.08884074451077109], [-0.17611439253319308, 0.15722965776442785, 0.28604514073572906, -0.17852310528739818, 0.13179245603766676, 0.25855829554645965, 0.27415216851136204, -0.0026369859080348167, 0.31254837945690245, 1.5619240959870782]]),
     np.array([17.5581568993411, 2.4296519813169453, 1.9083064143587138, 3.967146869184623, 3.8144920959662794, 1.8407775985698676, 1.8567315245423324, 1.5053703132740337, 1.3475410343184808, 4.626496600432898])),
    (np.array([0.9878191349662439, 1.1191436598959783, 1.243796753493801, 0.6046274830756365, 0.36192248580982056, 0.1780178945207781, 1.120110561099456, 0.9399360966418769, 0.3952031031757812, 1.5377839172512278]),
     np.array([[1.0059898335841264, 0.025649564030910572, 0.20157273584523927, -0.7734649108555979, 0.63137521160395, 1.1803615967874246, 0.7095633390053689, 0.0817468966460771, -0.2510688858659381, -0.08023532422444264], [1.1489679577502818, -0.02995603533423578, -0.15125727493191446, 0.09699236969321257, 0.16003371843392364, 0.011026425926147177, 0.0746877850347833, 0.07671257926312222, 0.08844600821832674, -0.047255887313868476], [0.16761759025807943, -0.9581500364616531, 1.0862441524840594, 0.005336574221441253, 0.003988108659189131, 0.36402339365059727, -0.10295382917924757, -0.0022238547118525816, 0.04595429178229557, -0.024547327557086034], [-0.31370102615267803, 0.06796232681880479, 1.2493284261179223, -0.1126602947552056, 0.33771530229784186, 0.4085850785403437, -0.07474567044536733, -0.046201502982060855, 0.10483788716694396, 0.05530143884533166], [1.0208490295184685, 0.13266571717872677, 0.3038486257656315, -0.07580036497793667, 1.483768043523416, -0.07686731855146216, 0.13651195379242215, 0.01947490934731032, 0.04064825364353675, -0.03669709710231198], [-0.000777452939228271, -0.020332499629663967, 0.9491253773575173, -0.6839010096605641, 0.0381344198921636, 1.7400607624024946, -0.024320164928868626, -0.04925954221450997, 0.016524567601647687, 0.02400590765627793], [0.007754379863138322, -0.015399169429381715, -0.012505227257209782, 0.01911435759817657, -0.07864825449124108, 0.522258103778022, -0.18172122104466978, -0.20241693253519888, -0.13837987522922846, 0.09014190036945988], [0.07529663982327887, 0.09912899155076159, -0.0879557749531927, 0.054833556508172156, -0.14291235207985462, 0.043945130680343704, -0.013145876216869778, 1.4868077103377888, 0.5942672131539161, -0.03395868635750893], [-0.06835288548598482, -0.06269108806762738, -0.07822590847064823, 0.0012445800939566226, 0.09970323266647825, 0.43588447749849507, 0.5366908943014564, 0.6550381697561418, 0.6821465109158725, -0.007146843378310173], [-0.0709110222140956, 0.22629819291240194, -0.01745758917097071, 0.20450732769904206, -0.15617973261888674, 0.08540461577032382, -0.20098047914402936, -0.169043776654917, 0.4567541779586084, 1.4051494189775275]]),
     np.array([10.982848490511106, 2.3161944708119884, 2.2780097067975538, 3.0574311737750484, 4.7492057063293585, 1.7689150977898882, 1.7420314673291677, 2.218473198569549, 2.2562569423518544, 2.1917687397394157])),
    (np.array([0.9268388431457509, 1.2999840935206406, 1.113921106390267, 0.736943790712625, 0.4825925315158957, 0.14056192610310966, 0.9690665894091189, 1.2249325427955369, 0.5318802677704849, 1.8388761398134414]),
     np.array([[0.8157772929010226, -0.09492019405435204, 0.242083367268585, -0.6847978843793879, 0.3851756171638861, 0.8643653261923715, 0.0004588560229663671, 0.05213794481724855, 0.002463786677052584, 0.0060247130287555415], [1.2944016265747087, -0.14982084710567894, 0.04831911427955464, -0.047135993158815, -0.0591054600860416, -0.04424633156823814, -0.22480442668349365, -0.04932353648858657, -0.038556181665114236, -0.035035871428440474], [0.19440036930643698, -0.9163648677192557, 1.321895850417547, -0.056468951649327595, 0.00853940701286524, 0.41532150459050576, -0.049006385793401684, 0.04930553087504194, -0.04027367204192986, 0.09391812980725969], [-0.4052794379759896, 0.028110035372002413, 1.134148083703319, -0.12155236539541114, 0.3628049413466915, 0.2920311977321852, 0.06616814344298975, 0.01953428962201962, -0.02323689680340282, -0.01761322940741417], [1.1349266860830645, 0.3321143474668012, 0.005764436486432036, -0.2818798233334531, 1.404996340598448, 0.08083955695895689, -0.05216464362141758, -0.028627981578431, 0.0515521179073987, -0.10763029997476022], [0.04460404004198628, -0.10439419130165024, 0.9243576566804889, -0.5674570686005475, 0.01885959899489145, 1.7202197237211583, -0.017679439204978387, -0.002808159962906669, 0.0006166574404510802, 0.04732266296758688], [0.025125320068413694, 0.056003381341415887, -0.020729959402340035, -0.04205992488566891, 0.12546324742051376, 0.5097046411251992, -0.056564381162720515, -0.18271796513748198, 0.0946824636901398, -0.04435991203000832], [0.05982772810464395, -0.11789041013882105, 0.016086529857749717, -0.11437586380432155, -0.06809888444532504, -0.13350596134941534, 0.01586278595246466, 0.8694221524173555, 0.4200480980078258, 0.01095851605262271], [0.07371628480624948, -0.04549906981465657, 0.049429402152156646, -0.02542622993052585, 0.053346338578028625, 0.5424520074025151, 0.32735532473776296, 0.6726451002230112, 0.6213461009317789, -0.03219761232648076], [-0.02721973155476666, -0.2102987151102208, -0.11972548609272243, -0.058738121987408395, -0.021968271858904015, 0.28575834100551056, -0.1261810994497543, 0.15218657608451466, 0.6014378995607319, 1.084116224050885]]),
     np.array([5.5510861400619715, 2.941613804611173, 2.187537100617266, 3.6476210622666185, 5.288051641252378, 1.5506928174401677, 2.584826009476957, 1.9081596046415519, 3.0649357352133166, 3.45757172357094])),
]

hp_vm_final_estimation = (
    np.array([0.9812397218356891, 1.2878074202670131, 1.1680219327000259, 0.7260235353007066, 0.41236308091909496, 0.19455333968073832, 1.0960613314262986, 0.9980348057836309, 0.3230328640525386, 1.5011131864267082]),
    np.array([[0.7760973669594411, 0.0, 0.2602228222913573, -0.817568255019922, 0.5731860247366946, 0.7222712052023205, 0.0, 0.0, 0.0, 0.0], [0.9914362376767737, -0.24738384022925078, -0.18625157190203476, 0.0, 0.20969338302642765, 0.0, 0.0, 0.0, 0.0, 0.0], [0.20989959061822913, -0.9141757321340764, 1.186474897588069, 0.09725085060785864, -0.09480379758947317, 0.4246525325825991, 0.0, 0.0, 0.0, 0.0], [-0.3738811151905636, 0.0, 1.2520263929020283, -0.16705277906070298, 0.24325876170642188, 0.3644619856387356, 0.0, 0.0, 0.0, 0.0], [1.1616044127303686, 0.24229293615960482, 0.13438137620401439, -0.2002544582353927, 1.4824239284730725, 0.07923381863615978, 0.0, 0.0, 0.0, 0.0], [0.0, -0.09032235150316699, 0.9829660100438353, -0.5679053714407254, 0.08780270343705879, 1.708359934740775, 0.0, 0.0, 0.0, 0.0], [0.0, 0.014854765269090079, 0.0, 0.0, 0.0, 0.5579424209899382, -0.11079478776506596, -0.2317937215921625, -0.08982933072158124, 0.0], [0.0359198238473127, 0.0, 0.0, 0.0, 0.0, 0.0, 0.0, 1.400836928167174, 0.5985712110135412, 0.0], [0.0, 0.0, 0.0, 0.0, 0.0, 0.3517513750012251, 0.3223494102932462, 0.5677762600449401, 0.8740078908524793, 0.0], [0.0, 0.0, 0.0, 0.0, 0.0, 0.0, 0.0, 0.04135167701377669, 0.4296616866912038, 1.4613754331511986]]),
    np.array([6.372085338169692, 2.6830970519934074, 2.300404417273649, 3.7104061974577847, 5.439546345953715, 1.7221386092507067, 2.6629183633704447, 2.3792218543770822, 1.8816533310107917, 2.630377879299734]),
)

hp_vm_interaction_matrix =   np.array([[False, True, False, False, False, False, True, True, True, True], [False, False, False, True, False, True, True, True, True, True], [False, False, False, False, False, False, True, True, True, True], [False, True, False, False, False, False, True, True, True, True], [False, False, False, False, False, False, True, True, True, True], [True, False, False, False, False, False, True, True, True, True], [True, False, True, True, True, False, False, False, False, True], [False, True, True, True, True, True, True, False, False, True], [True, True, True, True, True, False, False, False, False, True], [True, True, True, True, True, True, True, False, False, False]])

hp_vm_pvalues = np.array(
[0.44803335355222845, 0.4658068727094646, 0.49921751529173924, 0.18482725419583074, 0.2648844963513971, 0.1789874584819396, 0.2614972916215879, 0.29507617075851517, 0.41039790579477115, 0.34868077157332805, 0.6111178004706022, 0.7066708609347636, 0.5677509737830115, 0.1097980711367954, 0.016348334902597905, 0.3249217499151495, 0.15294512123234438, 0.6556434805363824, 0.07551883062122833, 0.12231883343402339, 0.33254307022980695, 0.6724521811053692, 0.12008251380533591, 0.4678665198577893, 0.4989776385583999, 0.27331266574471197, 0.11398523543730688, 0.042692557572768686, 0.12906350099411928, 0.22689238151959978, 0.37610029239766635, 0.21930264313918918, 0.358088343474595, 0.23073909398354092, 0.023281854246802403, 0.49937982359839256, 0.3178650724863514, 0.5834640524386039, 0.04557197228539278, 0.6899659816293329, 0.10626064171658622, 0.1901377489235872, 0.19257030273756875, 0.4051534776823648, 0.5439698959401729, 0.3836625843294003, 0.28378887801081404, 0.03243390311547778, 0.12598455584143486, 0.20564172612679005]
)

