vm_hp_estimations_step1 = [
    (np.array([0.7096272772504111, 1.1095236424820158]),
     np.array([[0.18361089218249554, 0.0821366795293763], [-0.658783217298078, 0.6975903745598695]]),
     np.array([4.843230039831625, 2.328874152860883])),
    (np.array([0.6833959703629124, 1.0682354985823648]),
     np.array([[0.13811551413090073, 0.03747056684154429], [-0.6932947968361803, 0.8249516292235256]]),
     np.array([4.910960761240105, 2.485091336689266])),
    (np.array([0.6938558109692757, 1.0485444814561191]),
     np.array([[0.08592205150230453, -0.0004721649345743494], [-0.6527196506975649, 0.773684276501096]]),
     np.array([1.2057039720235638, 2.520735319945833])),
    (np.array([0.7420878584956524, 1.0313709197878766]),
     np.array([[0.34144635592543027, -0.03607939409689927], [-0.6053802075832676, 0.7159479437551239]]),
     np.array([6.355495707322688, 2.258605114242396])),
    (np.array([0.7165710153942805, 1.0584088518607324]),
     np.array([[0.19489942514551595, -0.07114193104912377], [-0.6181526573347209, 0.7614813757395149]]),
     np.array([4.309566314494285, 2.496425988262239])),
    (np.array([0.7294114174829357, 1.030821290005963]),
     np.array([[0.5216812724288793, -0.016271720342717223], [-0.6530567194777674, 0.8864629059919622]]),
     np.array([18.16950459652637, 2.6758496627300508])),
    (np.array([0.6995426757083174, 1.0397874239373965]),
     np.array([[0.3563295828784171, 0.0878682112632948], [-0.6437920868485266, 0.8065568615272252]]),
     np.array([13.350373476107775, 2.5779078308230035])),
    (np.array([0.722422697165657, 0.9853035320957513]),
     np.array([[0.03596616804907516, -0.01564900405546198], [-0.6303202839685419, 0.7788376541144243]]),
     np.array([0.5057683157146686, 2.213230175056259])),
    (np.array([0.6638958454648783, 1.0258159341783017]),
     np.array([[0.09824735909381847, 0.0007976931585185682], [-0.6974639267608602, 0.7901305205017157]]),
     np.array([2.5823202331435446, 2.604907942068007])),
    (np.array([0.5796151443578241, 1.0975846241531377]),
     np.array([[0.07253362662477368, 0.03457030601943478], [-0.6475211291560565, 0.8340768471402971]]),
     np.array([0.6026367097642191, 3.0488962575843135])),
    (np.array([0.7209326144926133, 1.1396260277230452]),
     np.array([[0.13444357581183575, -0.015037588055396827], [-0.674389039678893, 0.6681575676544557]]),
     np.array([3.9474085831980195, 2.2594904194782304])),
    (np.array([0.6653444329655323, 0.9760250157892122]),
     np.array([[0.18183931001871373, 0.12263956148490017], [-0.5999990057795992, 0.845612749287401]]),
     np.array([3.2614920679124695, 2.6405638829292153])),
    (np.array([0.7486965882573638, 1.0430469894226566]),
     np.array([[0.2767625489386585, -0.0454697195160886], [-0.6390623058859776, 0.7390446613403165]]),
     np.array([12.649905644023688, 2.4020626783267587])),
    (np.array([0.689366559050657, 1.0589892013971234]),
     np.array([[0.13566094016919372, 0.02275032057227588], [-0.6400798700946378, 0.6895053728387188]]),
     np.array([2.2894736739949457, 2.221920918803164])),
    (np.array([0.7109710601648139, 1.0395173632704415]),
     np.array([[0.22585088441726456, -0.03387191354680919], [-0.6725974765943563, 0.869547957481225]]),
     np.array([14.19328207064822, 2.563464617890922])),
    (np.array([0.73452381133874, 1.0233823728234346]),
     np.array([[0.0697086707047783, -0.11936165413068595], [-0.6847966156902201, 0.8231507154621808]]),
     np.array([3.9735217253720445, 2.6828273581767736])),
    (np.array([0.7102656184005988, 1.0607120606410567]),
     np.array([[0.16939004140050598, 0.055877391581049776], [-0.6774512032155313, 0.7873636900654]]),
     np.array([4.672194048972981, 2.564072448886924])),
    (np.array([0.6966551636039368, 1.0614160993250559]),
     np.array([[0.044938188254915114, 0.009907244638945293], [-0.7254745040769448, 0.8017124918594735]]),
     np.array([1.1115656386861292, 2.592067064862268])),
    (np.array([0.7159324045406378, 1.0956813300178874]),
     np.array([[0.08141554629771244, -0.06009423017571156], [-0.6961847171436278, 0.6773773686270316]]),
     np.array([2.751593392395853, 2.307172827942326])),
    (np.array([0.7133575550920468, 1.0812218747488413]),
     np.array([[0.1691143449987108, -0.07342117669821023], [-0.7137570687311029, 0.8600888531204991]]),
     np.array([5.088975852646834, 3.1196827086869674])),
    (np.array([0.6905123807290308, 1.0430554530982807]),
     np.array([[0.20009538635328786, -0.03760661921820815], [-0.6109947926987721, 0.7360708024448807]]),
     np.array([2.4247406971269334, 2.5467367979912856])),
    (np.array([0.7278569859341637, 1.0202991389901839]),
     np.array([[0.17103360322847744, 0.025116156364557458], [-0.6096522054753396, 0.7946310213613457]]),
     np.array([3.9256947919519565, 2.7185873811326053])),
    (np.array([0.7435211842258322, 1.0312352324133]),
     np.array([[0.00477815067603193, -0.018169294095530964], [-0.6288669891378571, 0.7471849534185119]]),
     np.array([1.924211530834853, 2.558443394398997])),
    (np.array([0.6417649731613156, 1.0950387466296359]),
     np.array([[0.11877522429980487, 0.09102441941851222], [-0.7304999219911593, 0.7688924863605243]]),
     np.array([2.6526555042555837, 2.771932541600237])),
    (np.array([0.6662106809611782, 1.0304216317404702]),
     np.array([[0.09678483727849388, 0.038331857352504266], [-0.5835883829874818, 0.7423188436284607]]),
     np.array([2.178591333321276, 2.38473066052609])),
]

vm_hp_final_estimation = (
    np.array([0.7076737945412911, 1.0456582452415895]),
    np.array([[0.1341206265667223, 0.0], [-0.640503247695604, 0.7768871423070699]]),
    np.array([3.4971181485215066, 2.525316650828894]),
)

vm_hp_interaction_matrix =   np.array([[False, True], [False, False]])

vm_hp_pvalues = np.array(
[0.023546919974028357, 0.056446964040394954, 0.0546539113234904, 0.0019433158711732457, 0.19030777772634155, 0.01914529705599155, 0.004591848649474817, 0.02747031085770446, 0.033451982136571634, 0.0008832333574255724, 0.40061163848934744, 0.05430427477061994, 0.28020212771999375, 0.048912468302107714, 0.09568677222232891, 0.36734095300428304, 0.0028773297897930483, 0.13573897022555148, 0.03627260412551192, 0.12177888309186646, 0.08921298409896283, 0.01894237437666768, 0.019174542406916295, 0.07110707769180036, 0.0003019522519165374, 0.0661252962020249, 0.012936110846433091, 0.2625825706839878, 0.015791813565738, 0.46306422295466776, 0.00419396473871847, 0.29345767127368283, 0.02012594902347653, 0.13466497951584333, 0.014388153858022945, 0.1413185869382264, 0.3234479646368562, 0.46783963900278736, 0.19898004447217377, 0.3705250132388357, 0.24166904592185212, 0.010107938554113738, 0.08925373037969464, 0.13190168838502203, 0.0012822188266626844, 0.1029574354532865, 0.37420489972946047, 0.3256303483973706, 0.004314016915999752, 0.3861772626845925]
)

