hp_gvm_estimations_step1 = [
    (np.array([0.7427233825581163, 1.029422892393137]),
     np.array([[0.23030333431539107, 0.013944090799505201], [-0.6465844543198321, 1.1090632065115098]]),
     np.array([8.270150478679357, 1.8785579070822997]),
     np.array([[-0.6591913621576488, 0.317690000149051], [-0.7611183747616506, 1.2248753561242594]])),
    (np.array([0.6751339038708288, 1.001763367211653]),
     np.array([[0.06621875350200933, 0.02272245819681605], [-0.6742191221054487, 1.3110252975876724]]),
     np.array([2.6664839492491246, 2.088185486134818]),
     np.array([[0.2351873964222632, 0.009502026454909877], [-0.5931252742504762, 1.219901489818687]])),
    (np.array([0.7278604684052802, 0.9514791511063215]),
     np.array([[0.1754182784060527, -0.0067533922292408715], [-0.48518912320353386, 1.1373222918488706]]),
     np.array([2.6321654522839193, 1.9260099613029025]),
     np.array([[0.36952270400986076, -0.06173270388920234], [-0.5185864998985219, 1.157641979027955]])),
    (np.array([0.7217004200289364, 1.0227687380123889]),
     np.array([[0.5595648775956458, -0.08868003708671184], [-0.6453269410443657, 1.392127738749189]]),
     np.array([11.267279876362315, 2.0344554625253934]),
     np.array([[-0.7653830542323407, 0.322451155416175], [-0.7596777333451374, 1.2001798114097766]])),
    (np.array([0.6862614817631839, 1.0337298230722685]),
     np.array([[0.5078759864112093, 0.0023380615160800565], [-0.7118937106769688, 1.2250287869284386]]),
     np.array([7.589933391114801, 2.018870999448875]),
     np.array([[0.006386092962885758, -0.5902658630098597], [-0.5443506560538025, 1.2024628425165407]])),
    (np.array([0.6483147590320587, 1.0601479279488648]),
     np.array([[0.2264953175952039, 0.04300460965338919], [-0.694839558092302, 1.2946250726545232]]),
     np.array([2.758703053366029, 2.0898175293922487]),
     np.array([[-0.18153737153743957, 0.03974173017430039], [-0.4997615853917255, 1.2759244513808017]])),
    (np.array([0.656050327288323, 1.0424307478668153]),
     np.array([[0.19363591798880112, 0.015399097750801323], [-0.6348883285649821, 1.1209376259946522]]),
     np.array([1.518142711386995, 1.9299021113168255]),
     np.array([[-0.028903116787551707, -0.02268291172140531], [-0.6443113810510802, 1.1626818898471278]])),
    (np.array([0.6790522625864588, 0.9005823328787568]),
     np.array([[0.31244783578359986, -0.00435926488387598], [-0.4934417723990896, 1.5042979985310387]]),
     np.array([3.4469015496500464, 1.9709435617913684]),
     np.array([[0.00795994579808259, -0.025904091209334783], [-1.0004754289451803, 1.1890770156464352]])),
    (np.array([0.7379039738562196, 0.9888649212163537]),
     np.array([[0.5071285801109792, -0.010199155313485678], [-0.6252038522345067, 1.297558220954488]]),
     np.array([6.3968300950042245, 1.9756159538655573]),
     np.array([[-0.1287572142743694, -0.15290585123711628], [-0.868923713065501, 1.2441937729607675]])),
    (np.array([0.6641826365940346, 1.0026959344558384]),
     np.array([[0.006386070796149032, 0.02390760889143305], [-0.6333430970340214, 0.9750834725445005]]),
     np.array([0.4390435643211745, 1.9484453825516208]),
     np.array([[0.0519178776681407, -0.0023266238445519955], [-0.26211542355780293, 1.2237089055152486]])),
    (np.array([0.7059457631901992, 1.0622145159832148]),
     np.array([[0.0675403489951632, -0.008233753567455586], [-0.6728088560598254, 1.056889147509989]]),
     np.array([1.278711244183225, 1.9506322015631163]),
     np.array([[0.07466409015538211, 0.03940452676026273], [-0.49556190255969884, 1.2161361765206873]])),
    (np.array([0.6605995132854291, 1.0185536085155782]),
     np.array([[0.2543023916380968, 0.018978498260218177], [-0.6314017213215127, 1.402951281358497]]),
     np.array([2.3649360018359644, 2.1519896526383437]),
     np.array([[0.0880756092497379, -0.0832406822534257], [-0.6880530963347757, 1.1890547228296837]])),
    (np.array([0.6885981462851025, 0.9979527755988847]),
     np.array([[0.23042680004191368, -0.024771088495748383], [-0.6192761343966994, 1.2710203335988766]]),
     np.array([3.1903399509277626, 2.0820598678844253]),
     np.array([[0.22589908494476704, 0.09857553260014643], [-0.8777089145482949, 1.2613094387040003]])),
    (np.array([0.7199508855870321, 0.9936075016816567]),
     np.array([[0.24454189676825344, -0.07338089774950328], [-0.6154424080705846, 1.2187327641040657]]),
     np.array([4.964915017776155, 2.101953848532322]),
     np.array([[0.14612197622458833, 0.003712137831452187], [-0.5412930832830251, 1.2950118769579506]])),
    (np.array([0.7088438037650326, 0.9823290672696219]),
     np.array([[0.005064371569956392, 0.0019125502932442779], [-0.5935513723460857, 1.1705937067288792]]),
     np.array([2.1381317815914587, 1.9279046217394418]),
     np.array([[0.3286834775273024, 0.030327784699300097], [-0.45890434396550966, 1.1740439672948941]])),
    (np.array([0.6382385029634317, 0.9731281148233397]),
     np.array([[0.3045828257085793, 0.024632846684568367], [-0.4918440453229195, 1.0877370091538012]]),
     np.array([3.399526775037635, 1.89864640133839]),
     np.array([[-0.03939754727377935, 0.22359898251214708], [-0.45860399942265645, 1.1689262584641873]])),
    (np.array([0.6487201200956569, 1.041265220738623]),
     np.array([[0.28684132842617466, 0.023897279747101565], [-0.5965314693322806, 0.8942868226532777]]),
     np.array([0.9542902175429882, 1.788368276367493]),
     np.array([[-0.06573113668291085, -0.048396386727566895], [-0.23480091630699088, 1.0680227131847009]])),
    (np.array([0.6847195313484317, 1.0428327668631618]),
     np.array([[0.21094390360674434, 0.04250918317195979], [-0.5992798704843818, 0.929783483258063]]),
     np.array([2.306349855633891, 1.995305467754468]),
     np.array([[0.2094633296240884, -0.07610652566583602], [-0.4605835466072023, 1.2581204674109887]])),
    (np.array([0.6949589534654408, 1.0190439183489566]),
     np.array([[0.31070717111447627, -0.013615873283056029], [-0.609606240988201, 1.344121695160264]]),
     np.array([5.104387406300192, 2.0759455336959167]),
     np.array([[-0.2192998915999406, 0.020361514322483083], [-1.1027243486210225, 1.2355442217458235]])),
    (np.array([0.7193216104044474, 0.9992285027417449]),
     np.array([[0.05840806870168815, -0.018706498628675808], [-0.5792720186629167, 1.3154518696922417]]),
     np.array([1.3185788364324897, 2.013433858544043]),
     np.array([[0.07527863532803532, 0.037940686458900495], [-0.6300704847953058, 1.103633080237969]])),
    (np.array([0.727700159973794, 1.0497164565717831]),
     np.array([[0.26270392020732486, -0.004515520398677302], [-0.6287098498658726, 1.2566582387651402]]),
     np.array([17.864265841681835, 1.9526891252729945]),
     np.array([[-0.41809365412477123, 1.9876271759341142], [-0.5088871700877703, 1.1579089460504]])),
    (np.array([0.717794906559962, 0.9023078549090456]),
     np.array([[0.42878683197092127, -0.08145426820181509], [-0.47830204489358735, 1.2136914114529649]]),
     np.array([24.553345349300606, 2.0228108159969866]),
     np.array([[2.7165366111094165, -1.9617102921511518], [-0.6074790570475465, 1.306793970564417]])),
    (np.array([0.7247171363483877, 1.012884409862175]),
     np.array([[0.26542159824714695, -0.13507245713911728], [-0.5575032844341025, 1.284474588331273]]),
     np.array([15.884160126215766, 2.078968438847789]),
     np.array([[1.112556090259913, -1.1597593364573835], [-0.5565143465372417, 1.1315478620800106]])),
    (np.array([0.7126071681904355, 1.0235992838957602]),
     np.array([[0.33985900955879916, -0.0100329470047309], [-0.6242703450145104, 1.2971025497124145]]),
     np.array([4.3419194846097335, 2.0090935110890578]),
     np.array([[-0.15765530417846949, 0.05917979774784378], [-0.8100890963767183, 1.187211333925815]])),
    (np.array([0.6022168998783402, 1.0074119011889335]),
     np.array([[0.2464680334459084, 0.020474793819563922], [-0.6374639507840834, 1.4476822000681968]]),
     np.array([2.0111231946194557, 2.104287953483376]),
     np.array([[0.12107223803685853, 0.005509763168773102], [-0.8502808423492123, 1.1420990959466173]])),
]

hp_gvm_estimations_step3 = [
    (np.array([0.7536656135813826, 1.0295377016886438]),
     np.array([[0.3410980502331302, 0.0], [-0.6466824196872851, 1.1088756779616376]]),
     np.array([14.366133913131703, 1.8785707941866943]),
     np.array([[-1.6039459767517603, 0.0], [-0.7612328311913991, 1.2249299698862088]])),
    (np.array([0.69443054798536, 1.0016757084167898]),
     np.array([[0.07795709414248758, 0.0], [-0.6740830105412411, 1.3107520467252884]]),
     np.array([3.61223555329083, 2.0876423874997663]),
     np.array([[0.29906804502161566, 0.0], [-0.5929213319362413, 1.219706749348177]])),
    (np.array([0.7176430185505521, 0.9514254164264772]),
     np.array([[0.10616373887171483, 0.0], [-0.4851441496076705, 1.1374485610543799]]),
     np.array([2.10299173738958, 1.925923507817638]),
     np.array([[0.32840758443736395, 0.0], [-0.5185108520149093, 1.1575335944459921]])),
    (np.array([0.7066951207221062, 1.0228291407122165]),
     np.array([[0.6703384847662475, 0.0], [-0.6454293328736997, 1.3921576485346892]]),
     np.array([12.667335439972891, 2.0347794872083025]),
     np.array([[-0.8772165221878732, 0.0], [-0.7595920036612559, 1.2004048995034937]])),
    (np.array([0.6654453730525614, 1.0337469646489121]),
     np.array([[0.2951550841387244, 0.0], [-0.7118898550918351, 1.2250395623971673]]),
     np.array([3.1578034864939877, 2.0189501129348297]),
     np.array([[-0.03594584506601431, 0.0], [-0.5447233761183586, 1.202572373999]])),
    (np.array([0.686059540982438, 1.0601836840624907]),
     np.array([[0.2302275815879412, 0.0], [-0.6947960757501516, 1.2945144963645587]]),
     np.array([3.3511167002677995, 2.0898098108232324]),
     np.array([[-0.2082620460636658, 0.0], [-0.5003230593035011, 1.2759279200191735]])),
    (np.array([0.6770517732893049, 1.042423091297896]),
     np.array([[0.13722996866938442, 0.0], [-0.6349055918465148, 1.120574336035012]]),
     np.array([1.4349909865479284, 1.9299506898219192]),
     np.array([[-0.030244986193317544, 0.0], [-0.6437080170908451, 1.1628047770730845]])),
    (np.array([0.6738757628796388, 0.9005975750887374]),
     np.array([[0.29056898668630077, 0.0], [-0.493431519609493, 1.5041818486026688]]),
     np.array([3.1442854628739467, 1.970815165218882]),
     np.array([[0.017596298242021524, 0.0], [-1.0005201233002305, 1.189039327746335]])),
    (np.array([0.7357708865230116, 0.9889030486891546]),
     np.array([[0.465195052954217, 0.0], [-0.6252439351620253, 1.2971516225972468]]),
     np.array([6.648029426213865, 1.975782609996963]),
     np.array([[-0.10715974842652429, 0.0], [-0.8686631303157635, 1.2444409091650745]])),
    (np.array([0.7674422187259353, 1.0029496846867618]),
     np.array([[-0.1002853169887682, 0.0], [-0.6336757865032676, 0.9745049223585175]]),
     np.array([0.5242811059847571, 1.9491329688071768]),
     np.array([[0.05445635495008016, 0.0], [-0.2609841628627155, 1.2242663937393221]])),
    (np.array([0.7102359280142924, 1.062133978091621]),
     np.array([[0.19416066713522606, 0.0], [-0.6727715933633336, 1.056945767839641]]),
     np.array([2.478319231197337, 1.9507205727443384]),
     np.array([[0.08954446477041737, 0.0], [-0.495264198827584, 1.2162200817424047]])),
    (np.array([0.6756572985047492, 1.0186138591200808]),
     np.array([[0.15838532214783457, 0.0], [-0.6314083033189549, 1.402752541037937]]),
     np.array([2.2115827879216834, 2.1521915767604245]),
     np.array([[0.09102668329321717, 0.0], [-0.6879486913309711, 1.1893646265153979]])),
    (np.array([0.670214140916648, 0.9980157029724759]),
     np.array([[0.30551930149676654, 0.0], [-0.6193221115795483, 1.270967429791979]]),
     np.array([2.971351074475273, 2.0820955963858014]),
     np.array([[0.19273674021671233, 0.0], [-0.8780587992316622, 1.2613834329335905]])),
    (np.array([0.6893511246551588, 0.9936857115358011]),
     np.array([[0.2772599027416368, 0.0], [-0.6155027881041929, 1.2184604281242837]]),
     np.array([4.854800172530318, 2.102293067575908]),
     np.array([[0.14528561615550178, 0.0], [-0.5408789289141779, 1.2952966348032047]])),
    (np.array([0.7116099149073913, 0.9822807772389227]),
     np.array([[0.030705149223949756, 0.0], [-0.5935533242401403, 1.1712466398431927]]),
     np.array([2.2075583525352194, 1.928128423962183]),
     np.array([[0.3394014253510498, 0.0], [-0.4597686315373803, 1.174085040397318]])),
    (np.array([0.6522307806798467, 0.9731385806897753]),
     np.array([[0.4168651479640159, 0.0], [-0.49187092493706797, 1.0875040049767608]]),
     np.array([3.360347590609141, 1.8986067126266932]),
     np.array([[-0.023216189195926443, 0.0], [-0.4579696587263705, 1.1689151112612615]])),
    (np.array([0.7244998337923204, 1.0413408705918652]),
     np.array([[0.4179012910455543, 0.0], [-0.5966411403050449, 0.8942942616743926]]),
     np.array([20.042007955214544, 1.7888534381518342]),
     np.array([[-4.176285932076241, 0.0], [-0.23488245581816328, 1.0683936052002663]])),
    (np.array([0.7253842448896751, 1.042799353042865]),
     np.array([[0.1175605765155385, 0.0], [-0.5992509251361791, 0.9299704099183962]]),
     np.array([2.9162771228822146, 1.995334425971849]),
     np.array([[0.26296275253736373, 0.0], [-0.4605747882538968, 1.2580788227426614]])),
    (np.array([0.6886418916604378, 1.0191541455575996]),
     np.array([[0.3210334485245807, 0.0], [-0.6097360706280387, 1.3438690881170574]]),
     np.array([4.882369401582147, 2.076027249807452]),
     np.array([[-0.210514241056724, 0.0], [-1.1026589368203195, 1.235586884620632]])),
    (np.array([0.6872005181566684, 0.9991922785204758]),
     np.array([[0.15005347962681304, 0.0], [-0.5792308024250699, 1.3149092485753284]]),
     np.array([1.2677494482030953, 2.013289360894633]),
     np.array([[0.067900277757553, 0.0], [-0.628960507151693, 1.1036444960578495]])),
    (np.array([0.7109245900134545, 1.049724117696844]),
     np.array([[0.20703141953227797, 0.0], [-0.6287147766930103, 1.2566267542804779]]),
     np.array([4.838724430662717, 1.952725985720408]),
     np.array([[0.3447889748394368, 0.0], [-0.5089449865026886, 1.1579588585243767]])),
    (np.array([0.707159549294252, 0.902283975171902]),
     np.array([[0.296155562091914, 0.0], [-0.47831504200606345, 1.2140406120707379]]),
     np.array([16.021356814240747, 2.023215496578482]),
     np.array([[1.2779764366403605, 0.0], [-0.607888430753173, 1.3070784413346677]])),
    (np.array([0.7005559025500052, 1.0128190120113543]),
     np.array([[0.06681024608690533, 0.0], [-0.557468749353257, 1.2847726059569384]]),
     np.array([5.974885875561223, 2.0792184065492605]),
     np.array([[0.7069493299215741, 0.0], [-0.5564174026644308, 1.1316416687687554]])),
    (np.array([0.7057995320689393, 1.0235611209449755]),
     np.array([[0.3650497555024971, 0.0], [-0.6242483969862291, 1.2975020748590584]]),
     np.array([4.019876684889311, 2.0091979756573393]),
     np.array([[-0.15024746370820333, 0.0], [-0.8103105914443602, 1.1871501217799598]])),
    (np.array([0.6369151354225947, 1.007364891224198]),
     np.array([[0.2349591889791226, 0.0], [-0.6375581475770922, 1.4473028061322328]]),
     np.array([2.9466004879914447, 2.104744433929435]),
     np.array([[0.2176621483483655, 0.0], [-0.8501266298168738, 1.1427385229129847]])),
]

hp_gvm_estimations_step5 = [
    (np.array([0.7409835061188111, 1.0167442939305245]),
     np.array([[0.15206284237092407, 0.0], [-0.6473243705314065, 1.16005717576019]]),
     np.array([4.669236805755509, 1.8457012671423634]),
     np.array([[0.15206284237092407, 0.0], [-0.6473243705314065, 1.16005717576019]])),
    (np.array([0.693585905527589, 1.0083919521626226]),
     np.array([[0.14521298378986658, 0.0], [-0.673907948310313, 1.2666409105266876]]),
     np.array([4.326032790564893, 2.1009705333733875]),
     np.array([[0.14521298378986658, 0.0], [-0.673907948310313, 1.2666409105266876]])),
    (np.array([0.711485278389378, 0.9493600808610261]),
     np.array([[0.19781419863894306, 0.0], [-0.4856895102074735, 1.143627516367715]]),
     np.array([2.2230946784964623, 1.9191862766471015]),
     np.array([[0.19781419863894306, 0.0], [-0.4856895102074735, 1.143627516367715]])),
    (np.array([0.6785249157939606, 1.0454199413298755]),
     np.array([[0.23465082684270608, 0.0], [-0.6633326820944951, 1.261985418272103]]),
     np.array([2.863359230246479, 2.062152675772617]),
     np.array([[0.23465082684270608, 0.0], [-0.6633326820944951, 1.261985418272103]])),
    (np.array([0.674910228339998, 1.03364129047096]),
     np.array([[0.23044676783067633, 0.0], [-0.7044927365682394, 1.235884447287369]]),
     np.array([3.933197564076735, 2.0346751309780924]),
     np.array([[0.23044676783067633, 0.0], [-0.7044927365682394, 1.235884447287369]])),
    (np.array([0.7027050859475972, 1.0599525625946993]),
     np.array([[0.38287188025673097, 0.0], [-0.6835648477634054, 1.3114886194275128]]),
     np.array([18.594858898873277, 2.1075864039072765]),
     np.array([[0.38287188025673097, 0.0], [-0.6835648477634054, 1.3114886194275128]])),
    (np.array([0.6916783416654257, 1.0375480309496374]),
     np.array([[0.07154120124219018, 0.0], [-0.6328661267567, 1.1445307630966381]]),
     np.array([2.0336949847478296, 1.9217130932675066]),
     np.array([[0.07154120124219018, 0.0], [-0.6328661267567, 1.1445307630966381]])),
    (np.array([0.6805612263525579, 0.9385383959472162]),
     np.array([[0.2267312320886373, 0.0], [-0.5389482752429784, 1.2345655241329492]]),
     np.array([3.4908696561176633, 1.9761562306893692]),
     np.array([[0.2267312320886373, 0.0], [-0.5389482752429784, 1.2345655241329492]])),
    (np.array([0.7462553928640749, 0.9943491116863954]),
     np.array([[0.4629918835376155, 0.0], [-0.6335490994836149, 1.2323529731011766]]),
     np.array([10.168803308932537, 1.972691263236751]),
     np.array([[0.4629918835376155, 0.0], [-0.6335490994836149, 1.2323529731011766]])),
    (np.array([0.7366727095865429, 0.9702338892117951]),
     np.array([[0.023403092394347465, 0.0], [-0.5975516999995564, 1.1801633965438794]]),
     np.array([1.006104566117257, 1.9299671515682426]),
     np.array([[0.023403092394347465, 0.0], [-0.5975516999995564, 1.1801633965438794]])),
    (np.array([0.7131816291436641, 1.0412686228744723]),
     np.array([[0.1590535540496445, 0.0], [-0.6534763390227114, 1.1827500108612943]]),
     np.array([2.4923640190530647, 1.9412910301839192]),
     np.array([[0.1590535540496445, 0.0], [-0.6534763390227114, 1.1827500108612943]])),
    (np.array([0.6791032455432081, 1.041224713390803]),
     np.array([[0.14016755449576698, 0.0], [-0.6500369475594715, 1.2721051811840796]]),
     np.array([2.3802369072674896, 2.185741300848219]),
     np.array([[0.14016755449576698, 0.0], [-0.6500369475594715, 1.2721051811840796]])),
    (np.array([0.6755973851682735, 1.0007417693868772]),
     np.array([[0.2888334834322967, 0.0], [-0.6286057187070642, 1.230719893401091]]),
     np.array([3.322848210498252, 2.071475868337695]),
     np.array([[0.2888334834322967, 0.0], [-0.6286057187070642, 1.230719893401091]])),
    (np.array([0.6907080964600099, 0.9857604893203006]),
     np.array([[0.2541947824761083, 0.0], [-0.6083226975768833, 1.2746106479683432]]),
     np.array([4.962320209708778, 2.0962895094737757]),
     np.array([[0.2541947824761083, 0.0], [-0.6083226975768833, 1.2746106479683432]])),
    (np.array([0.6936014548307617, 0.9805817422308922]),
     np.array([[0.12584891235772955, 0.0], [-0.5853751797422762, 1.1928873472895156]]),
     np.array([1.6753093550916796, 1.936440276243121]),
     np.array([[0.12584891235772955, 0.0], [-0.5853751797422762, 1.1928873472895156]])),
    (np.array([0.66290371722488, 0.9627558812822504]),
     np.array([[0.32934898493016646, 0.0], [-0.4850532115378195, 1.1415812011280553]]),
     np.array([4.007469419646587, 1.8865119585823968]),
     np.array([[0.32934898493016646, 0.0], [-0.4850532115378195, 1.1415812011280553]])),
    (np.array([0.7178881994151863, 1.0163790518866487]),
     np.array([[0.1492551371099362, 0.0], [-0.5698892484835717, 1.062950792746125]]),
     np.array([6.776111152904499, 1.7937262677730865]),
     np.array([[0.1492551371099362, 0.0], [-0.5698892484835717, 1.062950792746125]])),
    (np.array([0.7226875213659723, 1.0054091585641316]),
     np.array([[0.16176623989884106, 0.0], [-0.573586242311714, 1.1433149212871538]]),
     np.array([2.9461862202368416, 1.9464935968994603]),
     np.array([[0.16176623989884106, 0.0], [-0.573586242311714, 1.1433149212871538]])),
    (np.array([0.6934075853789297, 1.0328847810451587]),
     np.array([[0.22052309588418187, 0.0], [-0.6358676032858549, 1.208667195385615]]),
     np.array([5.10458267641985, 2.056295164438683]),
     np.array([[0.22052309588418187, 0.0], [-0.6358676032858549, 1.208667195385615]])),
    (np.array([0.6969189679000375, 1.0192346594275372]),
     np.array([[0.11423354802355898, 0.0], [-0.5893814163144462, 1.1843326779416448]]),
     np.array([1.422089832176396, 2.0448277223324824]),
     np.array([[0.11423354802355898, 0.0], [-0.5893814163144462, 1.1843326779416448]])),
    (np.array([0.7084851763899441, 1.0599606115311277]),
     np.array([[0.2248042239733982, 0.0], [-0.6271832341028286, 1.2134492834578587]]),
     np.array([4.465747987108854, 1.976548754099943]),
     np.array([[0.2248042239733982, 0.0], [-0.6271832341028286, 1.2134492834578587]])),
    (np.array([0.701981331211593, 0.8922829181195183]),
     np.array([[0.3044960703786873, 0.0], [-0.47789262830701873, 1.24656410356412]]),
     np.array([10.541567044607973, 1.9926869273542704]),
     np.array([[0.3044960703786873, 0.0], [-0.47789262830701873, 1.24656410356412]])),
    (np.array([0.6973304803693805, 1.0289610975633292]),
     np.array([[0.16120357629230428, 0.0], [-0.5654414278735661, 1.1971210093160098]]),
     np.array([5.737042449014931, 2.109046240471095]),
     np.array([[0.16120357629230428, 0.0], [-0.5654414278735661, 1.1971210093160098]])),
    (np.array([0.7133546293485584, 1.0359056202159396]),
     np.array([[0.25365933974351346, 0.0], [-0.6349911974367405, 1.1993721268785875]]),
     np.array([4.398583799299238, 2.0052693511446]),
     np.array([[0.25365933974351346, 0.0], [-0.6349911974367405, 1.1993721268785875]])),
    (np.array([0.6379572782060849, 1.0382921782560406]),
     np.array([[0.23378496266935278, 0.0], [-0.6617502786987758, 1.2415181539176916]]),
     np.array([3.036126767622242, 2.1414785781051777]),
     np.array([[0.23378496266935278, 0.0], [-0.6617502786987758, 1.2415181539176916]])),
]

hp_gvm_final_estimation = (
    np.array([0.6986500684625346, 1.0034917219826112]),
    np.array([[0.18135463436935897, 0.0], [-0.5986226827938251, 1.2070499601116071]]),
    np.array([3.379650666337694, 2.000806275684965]),
    np.array([[0.18135463436935897, 0.0], [-0.5986226827938251, 1.2070499601116071]])
)

hp_gvm_interaction_matrix =   np.array([[False, True], [False, False]])

hp_gvm_matrix_hp =   np.array([[True, True], [True, True]])

hp_gvm_matrix_vm =   np.array([[False, True], [False, False]])

hp_gvm_pvalues = np.array(
[0.1621848081208176, 0.24167536282290536, 0.5552867090317823, 0.7086742866413713, 0.8072820353291231, 0.10028006727214167, 0.9004857322055084, 0.2706270773441819, 0.27822015555373136, 0.2776819554711982, 0.6420176473020429, 0.8514559309371528, 0.41271666156987097, 0.6415656097364364, 0.5929655628082928, 0.40763624961431066, 0.6484156426626269, 0.8738878907239436, 0.6092450838703766, 0.702603312445769, 0.3221113534991512, 0.23294285522994396, 0.4133902367445935, 0.11360085812846121, 0.5567458262031433, 0.8649919777550191, 0.6362308161399712, 0.05769738447085715, 0.19075357950035576, 0.5308160718635074, 0.8024731906528396, 0.07774893000776884, 0.7777330636837041, 0.8700157016823122, 0.34190056087023846, 0.9842773665852613, 0.5216464896889039, 0.19001977351519483, 0.4287339526393944, 0.9678155207582463, 0.1791241641987289, 0.3726757969845731, 0.9219585861007278, 0.4262781128611327, 0.26486277408799885, 0.8061716259878859, 0.2518057085109563, 0.41743034442839544, 0.26389990639957506, 0.5542544254511872]
)

