hp_short_mem_hp_estimations_step1 = [
    (np.array([1.0759730657886737, 1.5168153050534747, 1.3393207143351091, 0.8511809084268162, 0.3725802323945976, 0.2844794411160276, 1.3088049149493768, 1.060126577693658, 0.2494351133248494, 1.8378969719477563]),
     np.array([[0.018995485944120573, -0.040358171805192564, -0.014550212365650373, -0.0747509893363099, -0.09352158333443626, -0.03382167456968306, 0.013007317253359192, 0.004618196790093487, 0.05285032005645575, 0.057703644249589715], [0.04514897352872431, -0.062485088066602516, -0.023795385574949472, -0.010469890227906531, -0.018463635864339977, 0.04939655282906494, -0.030104306494817025, 0.0011201516035965744, -0.061184836573328676, -0.0420807603290682], [0.03564176876790592, -0.19178031520603223, 0.12255849230443398, -0.094205572805545, -0.07168045190694326, -0.12675232195507596, -0.011462846425200108, 0.06017776357931262, -0.030265207897450207, -0.027281015057173355], [-0.0460355928004424, 0.037859946424841646, 0.4605853619291417, -0.4403769591278776, -0.024414999851362452, 0.11525441422417479, -0.03793269462475906, -0.05217131806066086, -0.39372988819785393, -0.09160887239315835], [0.03566129272988909, 0.009186176089292076, 0.04542111623906538, -0.08206218278402616, 0.11468545968860995, -0.0177462913203479, -0.004207846456833601, 0.05659339129274999, -0.026823007166558974, 0.009470025933792729], [0.21736007001365934, -0.11926242855157311, 0.9691349513573951, -0.5265293770066204, 0.05753155871638608, 0.34373533479454765, 0.05232328260276741, 0.024953388310482705, 0.3215720782857214, -0.1379004165085738], [0.006988074009288025, -0.008773111171419826, 0.0031442899635730575, -0.010538325866282087, 0.006641669092432447, -0.0010343370660883008, 0.0020171182441557317, -0.0030357765557581847, 0.01612307794567174, -0.0038271433364613955], [0.06075796148779125, -0.06195242025563416, -0.03626317996156665, -0.07486178952275314, -0.035365969625697574, 0.3188463674536819, -0.007580094176638968, 0.1651536308166659, 0.1856511566027261, -0.10686087393117173], [0.10179645182760348, 0.05116373415015492, -0.013423568794446549, 0.05199293965335517, 0.015726193098920708, 0.19934602065210133, 0.1627304574261073, 0.25345997582784685, -0.23341347808080593, -0.07125742585687495], [-0.017686755226504224, 0.000946294639475907, -0.044614161543598985, -0.04861591594375986, -0.1259315779097661, -0.0402855384839099, -0.06659697044638381, 0.06096861568589714, -0.05831522323534646, -0.003034425234245906]]),
     np.array([1.269678121117576, 0.761653811959414, 1.9833724054430963, 6.0201215051670465, 1.025481913943278, 10.800436440690959, 0.031335878490683054, 2.770453671053113, 4.430609071314336, 0.8994157618871409])),
    (np.array([0.7564384082808744, 1.3005942362037952, 1.2500904530205514, 0.7966449649164993, 0.5096698802163272, 0.26437651601980955, 1.2279665723406759, 0.9019235120744852, 0.28849526860926666, 0.9773139638196383]),
     np.array([[0.02809284893207486, 0.041900109476993685, -0.032070326257950824, 0.01658048465995715, -0.01489219840398552, 0.0468519601392917, -0.01278058065670018, 0.01333682261683241, 0.0007460044382049921, 0.004888496874394528], [0.920971996125205, -0.28905403373798766, -0.13926956111902739, 0.056823904055175685, 0.04628916701239769, 0.1474947896766384, -0.03401625894007204, 0.030405677586257562, -0.18116161810255138, -0.08640165887686023], [0.2232932610136819, -0.5645937952896952, 0.3837525635739754, -0.10990095152128015, -0.25449714821986125, -0.03336424484988558, -0.31810301421539006, -0.02257676282577833, 0.06793756366704012, -0.1392928259801945], [-0.23870258408125322, -0.15659744462749708, 1.5064652172774984, -0.6158079648578845, -0.11826644502231555, 0.3581537065996498, -0.09061426033537806, 0.032274755166375485, 0.19469188828559994, -0.09827745662500001], [0.0015999816456030592, -0.02169741163173836, -0.035162602991035484, 0.03842962361134374, -0.07079557231499088, 0.07349881734461848, -0.01918554562959337, 0.03210820305638993, 0.09020106317780141, 0.01419808514105204], [-0.016409034456903664, -0.14221894051060158, 1.384118312893659, -0.9512031633666191, -0.04241547814210961, 0.6357590468557697, 0.04090945428366546, 0.017977796252278463, -0.09290894582178347, 0.06413299395435297], [0.08824355721155891, -0.09235070049042339, -0.11249940067989153, 0.03173033896638559, -0.039526093993258536, 0.21571219860616747, -0.12239497724333237, 0.09765805302178386, -0.014965581997303457, -0.10106064887486178], [-0.002604738589486982, -0.03233837107517346, -0.019295073186552356, -0.020473191563118307, 0.016842972534217637, 0.0038955945063937733, 0.022812927763021636, 0.011801514719802906, 0.036961633439584626, 0.02773787240796364], [-0.07101201984562107, 0.013639122136916522, 0.044498201211912884, 0.048823030948674184, -0.02159549151501287, 0.011705661925363263, 0.2526199003569856, 0.24003861318023462, -0.04979061426767226, 0.02805624901416463], [0.052515140005315895, 0.023736712717689883, -0.013012755487760246, 0.0451549493822701, 0.015174782132934857, 0.029162349130503674, -0.008937111651192707, 0.01467341141259753, -0.01984777903101953, -0.03114518062235757]]),
     np.array([0.290941457653754, 16.67398766553646, 15.365513306428776, 29.206353842893872, 0.5822713930381406, 15.669017687644088, 1.8185036004578528, 0.13587302695342862, 6.999011919609853, 0.12091953513402937])),
    (np.array([1.328707939330321, 1.697137925084939, 1.1591111515412948, 0.7536963315646581, 0.3736470300190821, 0.3253758039249087, 1.1343713753409475, 1.1397251380488442, 0.2414769198759615, 1.6587435183742905]),
     np.array([[0.004881483230103384, -0.02156992390390804, 0.0036301074123121922, -0.042015419028272175, -0.045245509927547785, -0.032322701559843015, -0.027959045075504788, 0.012320368707827043, -0.027048761535847142, 0.02839538178602236], [0.029817411924494483, -0.09332558283709934, -0.012521313787814028, -0.0898980141956911, 0.0971380119827513, -0.25052103084027944, -0.10040142170619787, -0.1424861951355568, 0.22967436698613541, -0.06421872784753943], [0.046257745845552214, -0.0007632207781307737, 0.034404329519415695, -0.06618069419722555, -0.007524846830262888, 0.08415739985849391, -0.04177817064169428, -0.009530454022816949, -0.05037115058724371, 0.03128284287081381], [0.007768790696803408, 0.005236335916781545, -0.0050205794998671735, -0.008281704412531201, 0.010991587491270893, 0.01926028230007332, -0.0034025045970307215, 0.0015325166812109347, 0.026004569920161605, -0.01350488928118392], [0.12574136973955816, 0.032498424947305746, 0.00879731414758912, -0.017841538158577898, 0.005836960429461482, 0.028041924730465528, -0.00477104660333852, 0.0348192369117217, -0.006622691102859385, 0.0260997908308246], [0.0053750753918290735, -0.08401790749847537, 0.4772850674571202, -0.49080093567683897, 0.10768560550278145, -0.06538203507097815, 0.03917023213011414, -0.08006566655970358, 0.13725443508980822, -0.015478816343712221], [-0.019460904563926715, -0.01970333597603262, -0.024935003977845906, 0.05370213058861836, -0.08984654805575365, 0.17128275247212726, -0.028022303761269848, 0.045671953214702105, -0.11651257382216505, -0.009320525479517042], [-0.10955747149743121, -0.07128251826108985, 0.002053553097826463, -0.06716005634513555, 0.12583277030996973, -0.012196873654617791, -0.055563828896833097, 0.16670016698050646, 0.05220427282012943, -0.04243697652792119], [0.03819213446619228, -0.012326785344665256, 0.023758601874927916, 0.12166411032102746, -0.03698839232361316, -0.0037466822957406896, 0.13609283978664774, 0.23042846719214333, -0.10099724709671565, -0.060113082958777236], [-0.03628868741701571, 0.06702523215106998, -0.10797062342348804, -0.14807674627123973, 0.049721493064363825, -0.15188625176413456, -0.18321519233423939, 0.004787079968963244, 0.30226154096274277, 0.07774157523462209]]),
     np.array([0.20136742166173696, 1.6527105189127242, 0.8052607423745832, 0.013505702057985113, 1.7214385882636773, 6.156401585905767, 1.1819021745533966, 1.69923935322694, 4.097087833562166, 2.6616184657915563])),
    (np.array([1.0485394046698817, 1.2456289956720819, 1.2344546484940533, 0.7888081160540341, 0.5263807149112976, 0.2870679811550432, 0.9756176952507656, 0.7544889739135836, 0.26775895046830006, 1.4855222614629822]),
     np.array([[0.2682287710576779, -0.12894958624475808, -0.043527551955778884, -0.7717171366058379, -0.004625405219201799, 1.3712632478130466, -0.44337934008445934, 0.14652616511155553, -0.19548816139231034, -0.4169003928936415], [0.7356881426482309, -0.3443817681427614, 0.025410596959392826, -0.21878567680046204, 0.3444121413361943, -0.2385529999602979, -0.15851614467498723, -0.07055384312574138, 0.17165863371664714, -0.0779758436474911], [-0.1080454820132444, -1.34998813110417, 0.5470465731294133, 0.5037410718860194, 0.014585077222225554, 0.25970656954621124, 0.058311428221403866, 0.09331620570167633, 0.6060074220892422, -0.33013969136383614], [-0.2639422441205037, 0.02314692134630431, 1.3644548526615796, -0.7239760481061772, 0.011050765054810056, -0.794699929969939, 0.0928148418410631, 0.2820213547310615, 0.17302811115377317, 0.0027562149004898427], [0.7067254707333818, 0.05970653781717604, 0.1072398221072087, -0.25278105020426866, 1.0097607561118789, 0.22980708258557694, -0.23521211425882851, 0.1296127031737616, -0.18001041074581514, -0.1481532132895956], [-0.11259987547080655, -0.060065476524710844, 0.9171493380951781, -0.8011931008123772, 0.1075568839850407, 0.41917752241187356, 0.11320442689034062, 0.0020420951565023483, 0.21124685584449202, 0.04276656823468493], [-0.008914937900926135, 0.01057221148428527, -0.030414249823295197, -0.0002422457359586203, 0.004098063753247593, 0.007473758943908277, -0.002318788470380756, 0.010494273965387758, -0.014638984581164517, 0.03681332816749749], [-0.05888875840691967, 0.11774342543854328, 0.05279223685063065, 0.09235670940364904, 0.1278824665366839, -0.1251428942800102, 0.011589160919423344, 0.14342089264706745, 0.0009010954424287508, 0.05618222279177456], [0.09235523267950771, -0.0021615094508942705, -0.020886893086636483, -0.01168670372274877, -0.013765906579226703, 0.2389928655443063, 0.22018018896570157, 0.21139109340492138, -0.03537804743385436, 0.03237651931878698], [-0.10942048504997211, -0.3085242319035023, 0.07839183188222446, 0.04377742277165603, 1.1905938010557109, -0.4686098924477953, -0.32422420680394326, -0.39766692653936847, 0.49841366532240816, 0.8578187501235865]]),
     np.array([38.24763782899339, 10.18455208677057, 30.06245735808808, 25.595967319026332, 35.11090312343076, 13.589977504849687, 0.21527067510787876, 2.0415829520220568, 7.5286087845588385, 27.468894983459396])),
    (np.array([1.1072993144186862, 1.259326859595966, 1.1393965680104268, 0.8117709505347628, 0.5095506599456552, 0.30306933855047685, 1.1002146232883456, 0.9722426485033759, 0.3404901171953034, 1.4953910484731063]),
     np.array([[0.02888561648630579, -0.09659821242502382, -0.059478337345990936, -0.16135631334411907, 0.06632440377406712, -0.0338349360603063, 0.05554370072871455, 0.016352945512287553, -0.02819656584759051, 0.0026431751073237543], [1.5299509136969678, -0.5417882717791254, -0.1457125919556265, 0.762467132660029, -0.0746377872098703, 0.5032734447706501, 0.14873143329627822, 0.023584775889930406, -0.20637037073172332, 0.11134810136987418], [0.7782677193970863, -0.9147153989959598, 0.730198565746317, -0.08804124496007608, 0.40880162984318574, 0.3622584898683438, -0.010917723173432307, 0.07331772006671151, -0.021465586261352185, -0.05270780387503961], [-0.2724959682033774, -0.15657724004463902, 1.813601363535292, -1.5222535592272948, -0.7278387313141926, -0.09404988966282588, 0.047404621612055775, -0.00672513403690526, 0.11193118027646339, 0.131958930338948], [0.007410176562889757, 0.0019948464363097216, 0.021054826756905988, 0.014979563106671487, 0.0057627380009007976, 0.012312080776923251, -0.0021990772893186687, -0.0059870455764544075, -0.03592781475918947, -0.017149687578955693], [-0.10133393169296492, -0.042172376152470145, 1.295797916036156, -1.1364136916074226, 0.131693475724303, 0.5407038164326717, 0.030790643464890268, 0.07909951122416435, 0.1398933428653068, -0.010004683499484244], [0.12253266634481047, -0.13866019391449305, 0.005063247072209229, -0.12221949189420887, -0.047372546448848786, 0.04311010587006971, -0.017092522715610035, -0.18290047536863627, 0.051614452097316535, -0.032200222692357436], [-0.22574681812763234, 0.23900232042051925, -0.4156622648652131, 0.504110223823224, -0.09375301672798904, -0.5134963149496166, -0.16449110377348397, 1.2535133756714547, 0.21550689366179407, 0.10269792950946915], [0.11696090997130364, -0.11246452472282228, -0.014182471080854984, -0.16033717052742502, -0.09747554527554952, 0.11641209911987206, 0.1082433752834456, 0.3086755363845331, -0.23107564014086854, 0.016162167592168732], [-0.06752818742816555, -0.3369146195442622, 0.09230176889461904, 0.8590098177643432, 0.9839831102160191, 1.2944942170130957, 0.0904876936979781, -0.10735716726238119, 0.3801684646794779, 0.867638843622153]]),
     np.array([1.6076405871598174, 52.48668658886437, 18.23686210719295, 57.478674215118595, 0.3629684669312658, 15.525955232568952, 5.001391543761437, 47.16270704111736, 8.260908740066494, 45.94351103745782])),
    (np.array([1.645714774744506, 1.411433129773525, 1.2388920181375869, 0.7748929663696134, 0.7280830298318375, 0.25589101001448694, 0.2937499729609631, 0.9742209618235261, 0.252323670885932, 1.450743314171156]),
     np.array([[-0.061690582602788875, -0.03281083517757169, -0.10020734537176165, -0.024295487501493122, 0.006451127606474022, -0.0019197294087982656, 0.013948228695538311, -0.05807522040742944, 0.014926414025940752, -0.0054230311834321246], [0.4504778409939217, -0.13950713036832185, -0.31641270218388357, -0.211379469902236, 0.19416238518958168, -0.10792784385540119, -0.0634227426984869, 0.08536491206199268, -0.361618240719191, -0.0003291902349123951], [0.15036111384166148, -0.4974827759116887, 0.3566476122427633, 0.15121854656705805, -0.23419419868460245, -0.0821295719361362, -0.06351434113718847, -0.02670388389461003, -0.21753241243866386, -0.03536146213532481], [-0.04170278965063776, 0.006514626178086905, 0.23237973440479254, -0.21863640158991057, 0.13252853072459092, 0.22381137758595965, 0.019505336062706956, -0.06545590069209556, -0.09533620521927587, 0.07872278597316197], [0.0010756762857046021, 0.010317087528646024, -0.0012041568397944237, -0.011099185108980067, -0.02507575092070858, 0.018631733444646647, -0.0014619589389644437, -0.001809045645480094, 0.00477985463914321, 0.002307420921440666], [0.04001355046586601, -0.08861296900194537, 1.5288835248831703, -1.9270955321825232, 0.6377084480915937, 1.1930011700656833, 0.15223370735091168, -0.04129342507039841, -0.04462611953364109, 0.10732117558959468], [0.0009298921379347641, -0.006382476945933998, -0.0012348482828475288, 0.0039927797751268855, 0.0050783630273963124, -0.019581733640553354, -0.01127448879607977, 0.015204686768381477, 0.007441239198268946, 0.009545943256407641], [-0.014995218407729194, -0.27536139262348813, 0.1701549562261673, -0.04819116331756222, -0.13795351400733552, 0.15421533604979648, 0.12856753622945555, 0.3846920839948415, 0.42163758732736606, 0.09073373949584392], [-0.013033389173196044, 0.012009401650524717, -0.05539654916591234, 0.05951714792097753, 0.28099425003782036, 0.4666258214959606, 0.29972111118862593, 0.35635508790551934, -0.1864769817826506, 0.08246781576754646], [0.040769469489919156, 0.07491174904110666, -0.10521178280766351, 0.0557377063101341, 0.0008927725279717857, 0.11777211310439845, -0.12172553090184728, 0.10431973045001976, 0.14653625604471682, 0.24786050525628117]]),
     np.array([0.4566371746246942, 5.7220208923074125, 6.624048103981404, 4.614443822310606, 7.206310460186542e-09, 28.878039995949415, 0.014354994282637734, 9.465484752324206, 8.296054807512363, 3.050190251914582])),
    (np.array([0.8502644481837924, 1.442368666649678, 1.3630763903261827, 0.8368929556397513, 0.41837621578847634, 0.2843519714870084, 1.0755434694304216, 0.9996778855219884, 0.7935855482767818, 1.9778930814648636]),
     np.array([[0.0013119218048787094, 0.00042204116865678576, 0.08340806401119859, -0.06305517230612832, 0.1555712450696701, 0.04343215840353885, -0.033658286899174855, 0.02705459247362371, 0.07905056827407116, 0.0007197199268133682], [0.021689951782587997, -0.028549558390268105, -0.0010551640225550524, 0.022238318584670465, -0.005958446023179624, -0.0020418637104520436, -0.018814340660291615, -0.007050518355242413, 0.015905994458062952, 0.014653639970241219], [-0.027852506815394047, -0.10191980423975608, 0.16085280197745444, 0.014786145294439168, -0.1158653777325943, 0.02836620827436752, -0.021639945062144023, -0.07160341736982334, -0.019659954287782326, -0.0495350243815784], [-0.11405113565463254, 0.020799645557721583, 0.13700358473493376, -0.18268984813266334, -0.07568480461861703, 0.044457667667504246, 0.005573478752896752, -0.03290682495917526, 0.012136984884159933, 0.05060453539951473], [0.16389244285939478, 0.03588869489609524, 0.05515380934960164, 0.09471579304216529, 0.11515907763792076, 0.0835095274690992, -0.08728108822765951, 0.03775073148988473, -0.14044810638810312, -0.04026295718133902], [-0.024312530367487945, 0.014502848788072127, 0.6695888891493521, -0.46433832711592304, 0.07786314903440299, 0.011605653771480724, -0.035931845865595995, -0.007640860731284892, -0.027729052256902295, -0.003259975245755024], [0.020230098930279786, -0.11069741205007654, 0.0929407946545216, -0.09395214177510532, -0.19458356128933726, 0.3905926297495749, 0.04117484583174984, 0.07661933693486846, 0.10067131010221977, -0.07650119472414857], [0.06691070211420048, -0.08680851989214598, 0.11818926776826162, -0.04795314229000483, -0.11285644642826424, -0.09295109676138759, -0.049982148352155434, 0.10975744635820482, 0.22388590701563704, -0.04309557397658711], [0.002301963908790669, -0.006797492237641646, -0.01646294148469616, -0.005769782150350235, -0.002952232360975242, 0.032381087459496555, -0.018042579047684013, 0.007488834251153125, -0.047690988155916374, -0.02161694754349682], [0.01551181589103113, -0.0042076436776807, -3.4067043960501916e-06, 0.01764439594823633, -8.292364006178814e-05, -0.007935987354295664, 0.00978259042470404, 0.008811539758784272, -0.034494422422064346, -0.019410473927181135]]),
     np.array([1.4662603448248894, 0.018681260152360248, 1.503023182749921, 2.6096868685862296, 2.4195383001403874, 7.66377440308631, 3.098602428379235, 1.7950862388017965, 0.1893120333498354, 1.1585211684171367e-05])),
    (np.array([0.9636982506096635, 1.3421603355843734, 1.8764012679990574, 0.7938579662421597, 0.49912062937834806, 0.2844290631748393, 1.1445070650575155, 0.9111795376408952, 0.3447428666127743, 0.9901540633780773]),
     np.array([[0.8137053149666483, -0.2417226804191773, 0.4784203979961381, -0.22597638856118116, 0.21337601301047074, 0.9906393265787589, -0.036542513769212595, 0.026176040331931962, -0.8479754095480231, 0.046658681308824446], [1.143348160389959, -0.6506940408696479, -0.22734416021512124, 0.07403250199100607, -0.9337091223297214, -0.5128878908881979, -0.23412975732477426, 0.04541439325026922, -0.5710562573282083, -0.4519162987561298], [0.009936268267318998, -0.05437970938659945, -0.01994247661563418, -0.04345815222676598, 0.0031694729235748225, -0.03151930313539264, 0.005811969664221226, -0.0038948836750690194, -0.09898075407566094, -0.02362604064179442], [-0.34559869941106075, -0.24538576246182983, 1.4038228772789636, -0.76013937000507, 0.22004274301021506, 0.42797577334445447, 0.07449950568313972, 0.5393489664584813, -0.20964876731582355, -0.11234557694220652], [0.6889326452309072, 0.26765883704230886, -0.10407844091615533, -0.4444101549172347, 0.17127892782487508, 0.36431187087056327, 0.08673715079409101, -0.04695322121683895, -0.0772027841502531, -0.18671424843134288], [0.050802736707296084, 0.04617228219601006, 1.1495000015877428, -1.2760933166542996, 0.31066899576966495, 0.08427905612396892, -0.03599479057981529, -0.0996714808922011, 0.2856111235976155, 0.026555929661449804], [0.33231537122048466, 0.15559622811147236, -0.10374549201867937, -0.1095475606829537, -0.18776957448947917, 0.12348625294143177, -0.09583140072828143, -0.10980697010104253, -0.3825244479352608, -0.36095222843771535], [-0.1166383738007788, 0.11736258157629427, 0.14239656219803562, 0.2926490590855415, 0.6724939109832635, 0.406568837094071, 0.10178224828847068, 0.2770821088321269, -0.14053330665558084, -0.029880605032692725], [-0.054333735748978595, -0.10154366830880637, 0.01561986110072016, 0.12125677183515944, -0.0005167778315343297, 0.3289726037880074, 0.1398991077335776, 0.6745542475214047, -0.1699264026627653, 0.07176758450096854], [-0.013355164988832815, 0.004557752747391372, 0.018857527549463605, 0.003653117623150255, 0.03290949106959527, -0.004580781705905784, -0.007202714100044914, 0.005139401792280361, 0.012109723826995275, -0.019966077040907464]]),
     np.array([34.09034608751811, 34.05192533072509, 0.2985606580799926, 34.38846127789719, 28.37541038993527, 20.47104114894403, 17.56495594001293, 11.82037380025307, 20.603401695020324, 0.01170969129037902])),
    (np.array([1.2685291345648162, 1.3978279301909642, 1.1891072447197826, 0.8445904951545774, 0.26518603195816626, 0.29463559554986135, 1.026132989857463, 0.8911612543512292, 0.2572540030278738, 1.241777100324598]),
     np.array([[-0.008750160372534175, 0.009611829859497358, -0.014592457861117307, -0.02310549533162189, -0.005916215807395276, -0.08878324338803138, 0.012522666975685052, 0.005450325192532979, -0.008321845182096074, 0.017483258924650594], [-0.0013883374048878454, -0.002922475486106035, 0.0009515236149918232, -0.010739025495220076, 0.002963083033146217, 0.00359761224865136, 0.002615271688447917, 0.013363000299283261, -0.013300341760574054, -0.001220307708411125], [-0.06619445003758773, -0.4492270824401041, 0.4120311846568255, 0.01622544437777216, -0.11636130549453753, 0.36260962140442354, 0.2054004829554306, 0.18033917254478285, 0.005617029903373025, -0.018298193698405445], [0.05225269705290649, -0.02170837822751522, 0.39292594384799767, -0.2399378710281999, -0.0783610008469431, -0.09111898394942215, 0.01101237683525149, 0.03330060369856931, -0.2615456615366779, -0.1008592808813063], [0.03236992971610211, -0.008070770787975017, 0.023245073028899103, 0.023559084871842828, -0.00968739845729551, 0.0036808732683404834, 0.032280068028282274, 0.023246825567014167, -0.0010823319285862196, -0.021849665578105488], [-0.02180211348506381, -0.07567612777884228, 0.7016737766226829, -0.5499552927931091, 0.06344614199344334, 0.012609338080543578, 0.13512761737023846, 0.05212531376883686, 0.11432372009201786, -0.09122294698272006], [-0.07471738186180872, 0.004049920160075189, 0.05511102996587452, -0.09571995934441911, 0.48649676447935464, 0.1565491880652808, 0.0800624242215682, 0.05168837760255931, -0.1795667269035738, -0.09419402683790767], [0.0030472992236581496, 0.02310512605965254, 0.027543405341252304, 0.07279225196691774, -0.029494388111305822, -0.0008296367821077201, -0.035675127573441955, 0.1310324658611509, -0.036793476112687955, 0.029048365945807966], [-0.023160782152526725, 0.02778898218392182, 0.0034194816332910774, -0.07940380143446163, -0.04376674874340709, 0.03061651725863036, 0.12119497240851837, 0.3440728367163962, -0.03414525022537567, -0.00810229857292331], [0.2049246787957258, -0.03334834108688273, 0.05956807653975305, 0.028243271787444856, 0.005173037779674717, 0.10209266036831245, 0.07342861726399634, 0.01384957893451565, 0.09960839622164928, 0.05070078579345821]]),
     np.array([0.10130161576008963, 0.004117997305193927, 5.658345231970121, 4.5826079050319635, 0.34018040274998046, 9.054077666248377, 3.654963703358866, 1.6431877286267926, 5.697368659216525, 1.8792169292274739])),
    (np.array([1.0040468361356023, 2.0107363446587443, 1.5557789172104084, 0.901638533985335, 0.6579997038572222, 0.29296774611477727, 1.1887369038570124, 1.1484895491212557, 0.2460379112677713, 1.8382630021372013]),
     np.array([[-0.03131380831011208, 0.012705482343316653, -0.004336706169429269, -0.027571251066495675, 0.04399902233372566, -0.025269977641271656, 0.0017716142663183514, 0.006429142236713611, 0.027697618713840823, 0.008618441343400066], [0.004586357761444395, -0.11886877048726077, -0.035624533809564506, -0.046164726926031636, -0.15253153425964117, -0.06065725514910922, -0.014810222369178647, -0.018410435192852823, -0.1525794794089822, -0.033891719562819896], [0.028165440661038002, -0.09521209408309654, -0.09430515152613433, 0.06276996730923336, -0.11454086726922719, -0.04834442520744043, -0.06183964556996189, 0.05209242543008586, 0.011308235910885499, -0.07335126184683734], [-0.13839102720177734, -0.009763243820762154, 0.059342253247327406, -0.13770440754103255, 0.11644554092894288, 0.2218118772712991, -0.010289796151385871, -0.02119894635480799, 0.03533193523730242, -0.0394784542641218], [0.0772547291501369, -0.04128049705477171, -0.0376600062616238, -0.12126226228734327, 0.024193971849229414, 0.063886295551234, -0.07526136119916484, -0.001363409597781944, 0.024196675000310405, -0.04026436188969915], [0.11922230030521921, -0.054077850869071735, 0.4433687749273229, -0.3730656592731076, -0.18591439924887165, 0.06837914906872301, 0.049911372948868424, 0.026763645294898344, -0.03527662802135247, 0.036021078435739616], [-0.02959110306993989, 0.03257889401493857, -0.10667285714795752, 0.06043738371681192, 0.0023244479483453895, 0.0025570657330035097, -0.06532077644266579, -0.036573485049696826, -0.025080042454062628, 0.06034965395364234], [0.006323521683134669, 0.017100803044478682, 0.053164450921703604, -0.07387087110338944, -0.06397365437166451, -0.07119783932720779, -0.01686034890135024, 0.007773872281209336, 0.04005904463483067, -0.01563749976909377], [-0.01420701966253411, -0.0400303277754777, -0.03154218476575847, 0.032172566398062534, 0.127778666404531, 0.13047827456449704, 0.07370283446551033, 0.15752692319597933, -0.014805951689335642, 0.059942812472788314], [-0.038037831039494395, -0.07136182949493257, -0.08533401639106364, -0.005902007229977879, 0.08812336283804374, 0.055703397782714756, -0.013297727342067273, -0.022240001819167993, -0.07380417053622224, -0.05349520629715796]]),
     np.array([0.03867610374411545, 0.7239510652236424, 0.9275128137456797, 1.8347225390004565, 1.855112047702348, 5.49605923160271, 1.0547213963725894, 0.531234180294004, 2.960151235148175, 0.9404232111464963])),
    (np.array([1.1405436046024255, 1.9800137853062025, 1.2496789741587557, 0.7552820702887956, 0.4907518000405223, 0.31636647635481485, 1.0723819966870005, 1.0837313199745142, 0.22202622755168377, 1.7223955528950394]),
     np.array([[-0.017278321389925903, -0.0006492183887609012, 0.01050412999877136, -0.0021614717936054846, -0.015704418516722638, -0.015558357852379667, 0.02190243123138044, -0.0017649603831060472, 0.01358945775197827, -0.004495271861265184], [0.0361984680097419, -0.07561572194344236, -0.022594636033498167, 0.03961308404785565, -0.05328455764684555, -0.09040095046050906, -0.04624843401824772, -0.027071639383451383, 0.01884035255715994, -0.04197760256466586], [-0.012234970238768185, -0.1193317893677207, 0.10771648946815272, -0.15810592628342612, 0.2379599497066391, -0.019509275599363756, -0.11991677532821883, -0.04157802956020669, 0.003571504921943003, 0.04823124279686313], [-0.13906989864860553, -0.07746607543354773, 0.2797784254647611, -0.21622741906057685, 0.11360573654463799, 0.08935570093473251, -0.015427255095432526, 0.04698590871118219, 0.12647208259210915, 0.013998419248070203], [0.10310532962859777, 0.039354791384798686, 0.04133051005091077, 0.00041295367125276906, 0.04944337141690623, 0.022658255756863668, -0.05172666100241445, 0.00972218143232858, -0.10399956351453092, -0.010770687267210604], [-0.06567764166311617, -0.03265320837170679, 0.9077734409248993, -0.6684375191465961, 0.0813550410709759, 0.029451249243033648, -0.0626974376969497, -0.0447278178959977, 0.04922136592692942, -0.0494741398261293], [0.1028673458489714, -0.018370758704268294, 0.06044999271026447, 0.05794907270598019, -0.07444391417602977, 0.24441438265860857, -0.05508289136637069, -0.05408407601203063, -0.006272351244421534, 0.004864226377084392], [-0.06811192993834596, 0.016151557782778644, -0.007966448812643995, 0.04075551771472079, -0.015560305763086235, 0.021585254531596466, 0.010854799457938028, 0.007672214914931318, -0.07081589933645994, -0.03410779388378636], [0.0004241827479799326, 0.02153230639495839, -0.004927179280214817, 0.013361921210893276, -0.009701477266685103, -0.011102465479783564, 0.08157222267105158, 0.10096263080459582, 0.009535922904822905, 0.0017058691535094689], [-0.0553932993831444, -0.017050124849913754, -0.004132644964727499, -0.07840080059727043, 0.007396738508513491, -0.07584945466020727, 0.10811912990412814, -0.10979065417958456, -0.0026507803578802087, 0.01652795955190984]]),
     np.array([0.007925981296399464, 0.39510850987354473, 2.0353516682276367, 3.4142990282705887, 1.667565317144015, 9.048239836895648, 2.009842251373117, 1.1695835920854785, 1.4861117639881918, 1.008787996263307])),
    (np.array([1.0718098943888779, 1.3108906787856764, 1.2768237470894905, 0.920879435541689, 0.5438232174348224, 0.38128397073737236, 1.2435094913747589, 1.2483632590167815, 0.20491332799247058, 2.434659271697616]),
     np.array([[-0.020470527438863836, 0.03456060221029365, -0.005871214416309777, 0.06882140391500872, -0.06507461284680567, -0.09102387513608841, -0.006179933925635676, -0.007633438889981136, -0.09140704399682673, 0.003802950715257402], [0.07699481439558953, -0.08384466990769328, -0.026657320689130178, 0.05864702790967245, 0.018004077379043564, 0.003135415793287302, -0.04502434095242746, 0.008065600233196057, 0.07021470994162034, 0.029066410686274715], [-0.0060139511132367915, -0.16789606729368023, 0.18468464454413286, 0.011130326947505839, -0.11710272114253667, 0.19485983609209967, -0.07122002663420482, 0.03234353326519868, -0.020267759926926233, -0.06498536827611837], [-0.15881386632911781, -0.052127810514791116, 0.1734793173552928, -0.18625932742659618, -0.013101302904027752, 0.04272335546990696, 0.022891228534824108, -0.06298604256702373, -0.09922055811890011, 0.038583838732408664], [-0.005695224473357987, 0.006618039096779578, -0.015138750359936575, -0.041382969354598155, 0.017538043466887542, -0.004839868071279923, 0.031938308973280295, 0.043217534168730275, -0.07193373771058614, -0.024798950675559345], [-0.0034149299289681443, 0.016991316228519526, 0.41581221350121045, -0.5330142200484679, -0.10146010626195662, -0.021908286527423264, -0.0599845805186353, -0.06991657387419166, 0.0314354092167838, -0.012598275996262169], [0.06182065419722361, 0.06292423238727649, -0.11255094168915412, 0.05070596633395514, -0.04236203670196474, 0.07189480583376683, -0.03480763523853029, -0.07214396155676865, 0.04130838893972531, -0.10603874691743653], [-0.035988778702306504, -0.023343925254583616, -0.003273957745662225, -0.0073563598795580555, -0.02653255249790948, -0.019331458838175844, -0.02781958369680723, 0.009433497238604913, -0.05506513939417394, -0.008777661777193505], [-0.0067223495257101515, -0.012010631154240519, 0.0027675099532694695, -0.0049659650040046405, -0.008697798820105612, 0.027717153040053996, 0.016558520503593865, 0.0034308522152783957, -0.008841667727304705, 0.003969148375938965], [-0.0006667391273942636, -0.04272676360174112, -0.0078454532511916, -0.0075901358671024355, -0.03298448432199478, -0.04205371589668106, -0.013675145980953866, -0.08168902919506671, -0.017147800101683142, -0.017157918896644815]]),
     np.array([0.8528166620431842, 1.053938102284563, 2.648904572339475, 2.311992477363066, 1.0516963424269428, 6.0688211824911376, 1.7391653666981033, 0.7110586279346605, 0.04116293386059331, 0.27138411507220733])),
    (np.array([0.9702859169395153, 1.2822882467910468, 1.1988899602211052, 0.8221123801484578, 0.530061148662208, 0.3418584129661576, 1.01394569245177, 0.9470716572442693, 0.4010714360694478, 1.6848137286076095]),
     np.array([[0.03771652142781983, -0.016932195618329267, 0.01802248272424441, -0.0423391200981074, -0.03506395386019302, 0.013302352082250887, 0.008587276127642878, 0.0059063583135881064, 0.09561189260463424, 0.007610947136194062], [0.20206024155969615, -0.08244325932075583, -0.02860696434602502, 0.20147318236241157, 0.14093426171756476, 0.2556787247511835, -0.10036176540892637, 0.016148308956817972, -0.19542381205593237, 0.023857738607665397], [0.2165623710163534, -0.46419598823962044, 0.16400353751498298, 0.1461783221123453, -0.1092275493743662, 0.16274048772798339, -0.11362448708571851, 0.06294849957002922, -0.12381152330880549, 0.04461406489018688], [-0.04164565594254127, -0.025091984249024094, 0.16984161434650435, -0.2134283778823602, 0.05731888772490479, -0.017503035055080052, 0.08648424149268924, -0.07116935871802897, -0.0020099936180362123, 0.038126911627782964], [0.12426590707903565, 0.04419206908540265, -0.03789852772133544, -0.02888811615472439, 0.07695081181448041, 0.08722335366538536, -0.03167271770047763, -0.07285706432014231, 0.05759526987922503, -0.07546259720829114], [-0.07749104085867656, -0.04767951648729845, 0.7933613101664796, -0.6567088754419943, 0.11494591295621753, -0.03413308962058106, 0.024770757743703575, 0.04347707753660498, -0.18320552473493068, -0.0715842037667629], [0.09683895332341257, -0.022075708313454213, 0.0069252850937737516, 0.029119633314171965, -0.01986116142941021, -0.05368447831434396, 0.04708190943067962, -0.00807662397058589, -0.06710891683461803, 0.024745342371610638], [0.10757408287995748, 0.08083107235805324, -0.005070075605654842, -0.015844292591163562, -0.11426149438229796, 0.09484639637660992, -0.020480068658530998, -0.004936519912201351, 0.03668893581315194, -0.027221972447906587], [-0.01329404805484033, 0.004946525680566389, -0.006740221233114598, -0.027571286643553093, 0.013932621718171083, -0.010875862791282477, 0.0017862698131652522, 0.012150742278449233, -0.01925207901687503, 0.01621875146853312], [0.028210252381381286, -0.0677309967736764, -0.016993133638926607, 0.03593221339142766, 0.0902227977029709, 0.08426106418035131, -0.11060924392971284, -0.14894586026483808, 0.01871701438883576, 0.02130905686671837]]),
     np.array([0.6745959625385187, 2.9466093844113157, 4.304303847757172, 2.4595212999691114, 1.891396365994177, 8.747393993456004, 0.9880887467131169, 1.7448260478755304, 0.0758137684192695, 1.684271183873281])),
    (np.array([1.0976180105006939, 1.3759294055285543, 1.2952769899701855, 0.8152286261872146, 0.42102949079134466, 0.32624253122537183, 1.4709195775579027, 1.1552548299524197, 0.29699739490298677, 1.3711596812081335]),
     np.array([[-0.22647176022322163, -0.08378243352751107, 0.0644884968470276, -0.3955964819983034, 0.25012618582169066, 0.30482780596740666, 0.08341608840766732, -0.17888603906522788, -0.18841129425939102, -0.054759555891907855], [0.04318329920652592, -0.06921033842391064, 0.018677756584136895, -0.015871137622338844, -0.03512267172203981, -0.0030624752936976216, -0.018673834878615174, -0.014973899058549258, 0.029889126366700176, 0.03181318221859771], [0.06693537150988932, -1.0392511330273788, 0.33799823520838235, 0.039122491704392574, -0.35167154719937027, 0.4024917778070641, 0.27605840182816965, -0.14017740700949508, 0.26990939403432146, 0.12324965037058336], [-0.286158675403592, 0.10736076577963927, 0.5474225744839489, -0.5136701549106865, 0.24264323271835142, 0.07901596748644855, -0.06716039583609074, -0.11387036016318962, 0.07510718153555133, 0.020133104635328233], [0.15744822904219188, -0.06592842696236068, 0.06084996580943419, 0.10033469979936929, 0.06272116451096148, -0.044138048705352914, 0.018296296596953192, -0.023919705706853707, -0.08542375198428187, 0.037298194853048326], [0.05983324654544389, -0.16439941398287805, 1.2005325724356246, -1.0260500851077219, 0.17619999202611922, 0.2790300756348629, 0.06288478630870833, -0.12551487275713924, -0.1790344601016086, 0.028260218077456836], [0.014503046478114127, -0.009953913396144121, 0.0014832117571652946, -0.06683031075417203, -0.046707236776702785, -0.052407767856137426, -0.04996382171109051, 0.013882453122185268, 0.05623514832244876, 0.008518123183297487], [-0.01470010168028515, 0.012675492139390166, -0.004603011715621426, 0.008883188838387174, 0.0373110098162874, -0.006399425506799663, 0.02214057567839409, -0.0169508393773333, -0.031046200058544665, -0.01640479790029454], [0.041298653604225286, -0.05353543281776276, -0.08159943623363569, -0.03753496479471928, -0.045750317160322525, 0.15805376758914763, 0.16072861392381144, 0.11410684880261805, -0.06336725921681755, 0.06540866225838673], [0.1414826392635554, 0.15370755679014653, -0.07161129369389124, -0.01683812925577484, 0.27586772435324364, -0.03976251771450215, 0.06307159992375029, 0.12054135951833492, -0.1444261005801196, 0.24222018966456968]]),
     np.array([8.9967035380433, 0.21695929730791652, 16.823758480238727, 14.861726335106924, 2.2200149906007933, 16.455090663372243, 0.2921926286378994, 0.07101429508277084, 4.449804570851271, 5.18228150359503])),
    (np.array([1.0111463293931304, 1.5180932683760249, 1.0982183744505616, 0.8521370391922759, 0.5104632998051576, 0.3153931865776575, 1.207127367324714, 0.9434366850304304, 0.2783217808312935, 1.3183395538061669]),
     np.array([[0.020554978501954865, 0.01791551812740987, 0.050689452147071955, -0.0899458805863575, -0.030955202797031258, 0.034771223243808866, -0.013364134385461756, 0.01212530494420658, -0.05449491872325286, -0.0036086594998644686], [0.06563495472625956, -0.1450305820925838, -0.03321328592877181, -0.12335809638527283, -0.014774311685308935, 0.060810274183832974, -0.0685428164108808, -0.06973933552829548, 0.012441455392573653, -0.07684436384372983], [0.13896449048769177, -0.4924519060632296, 0.4438597512548858, 0.21649611336770308, 0.45326139837972323, 0.17118945502222727, 0.011041874274806528, 0.2360023440293564, -0.5303790754257567, 0.10701012226618131], [-0.017432323070822715, -0.038586136575987695, 0.07038625461708183, -0.21042062581294213, 0.02814763830068302, -0.059797386823355426, 0.027654987320229505, -0.04985522839696585, -0.034446594431154436, 0.021113656770608686], [0.020721448559408166, 0.03876696330732318, 0.027858105232332484, -0.20473205524083485, 0.13807343394766305, -0.14342562346791626, 0.18178950741287778, -0.03891417410124719, 0.019757147644021627, 0.06702231694196951], [-0.02855253521236718, -0.09149426784321482, 0.5124555218989106, -0.567043743500277, -0.034483483946517846, -0.06482846388507528, 0.13345484272448815, 0.09551610534491085, 0.3539421301905356, -0.044862637912396676], [-0.0015313100942469296, -0.004406785487957085, 0.0021633061658864732, 0.012796136508913092, -0.007359287294818321, -0.009890672046646112, -0.023080803886996955, 0.009051101721634182, 0.001946512460932242, 0.010136593305083446], [0.04506642828383136, 0.12181494058086063, 0.00959869253015817, 0.03651582959096825, -0.03649182263426777, -0.38058467992455774, 0.003185259369378721, 0.08641175428638795, 0.1643947497591784, 0.10657884648235841], [0.1285734506795792, 0.04477787186807445, -0.07721287976757224, 0.029493261052093094, -0.061046184810950234, 0.0904823462366353, 0.1697328345998304, 0.26509326865290866, -0.11721386734300221, -0.07183499187167426], [0.29331413065903894, 0.35490968758719643, 0.09542937566238513, 0.12105114552748264, -0.10794717241126824, -0.05661411773959213, -0.06859551672612745, -0.06130793049598791, 0.02695361757272186, 0.540058776026304]]),
     np.array([1.2554291050088442, 2.2751947455890114, 7.477430045899595, 2.347492576685348, 5.901210254897036, 7.479498992204883, 0.0007006451613787926, 2.9544399737728466, 6.160379871859623, 6.0462169496986125])),
    (np.array([1.0655464888841961, 1.315862478463454, 1.0578840489833858, 0.7168342456261704, 0.4166272230968595, 0.2974187133462945, 1.4912181447615596, 1.0678563741529234, 0.23873114175420596, 1.7972036914330654]),
     np.array([[0.013529941450356889, -0.12754323632550751, -0.060415962325238166, -0.14513171766092337, 0.030572865539224933, -0.061734767952782314, 0.09140724941084143, -0.0033467948168910693, -0.15269003361814068, 0.10565255725661812], [0.05192739030141192, -0.17490967495079715, -0.03387322702443413, -0.023530902816413946, 0.24383102138481846, -0.04604623830587435, -0.013242263716371206, 0.019993886844814537, -0.12273351803826212, 0.09238989521550457], [0.03397546254345418, -0.19405342146355967, 0.20447442841677166, 0.1445935287319217, 0.14113894064334548, 0.06031799050034867, 0.09798615771565125, 0.06243311338157372, 0.023709377483914322, 0.0491514889364052], [0.04011813091178181, 0.021935474530648844, 0.20715850208248807, -0.15728633491929836, 0.04199561928557886, 0.18097241358031943, -0.0775247126519847, -0.014000544437135066, 0.17491872972295872, 0.08509016660640269], [0.08548872934095607, -0.008409952832372171, -0.0183018711560098, -0.006425789115796902, 0.046772011246835846, 0.006813918257532543, 0.011999238066732728, 0.05862071767342864, 0.010984564083837712, 0.021636010599066266], [-0.05855534816480325, -0.11124598568207945, 0.5439096864438309, -0.47864504656515766, 0.20709488498867884, -0.02926324241275283, -0.11951864918319327, 0.14681312832674231, -0.12307796982974163, 0.07275917861100639], [-0.002267885338964777, -0.009218865641812058, -0.020609502281918633, 0.02240827674082618, -0.00861146789455042, 0.01921750919194872, -0.03221290289576832, -0.05357743574581597, 0.09523632616923623, -0.011290158920788575], [0.07592455374113295, 0.028578866678925348, 0.03214424885980249, -0.10343974775233795, -0.0695468409378266, 0.0634523558411121, -0.06676200420560763, -0.006850908107537591, 0.09350102178658838, -0.00036307889952923796], [0.015483098893008355, 0.09947619911684066, -0.025902128255401346, 0.05879252712892181, -0.038382280026383594, 0.2875467451845241, 0.2114809287397387, 0.24803406313762577, 0.014939992929674083, -0.008189913826150861], [0.015103169197598828, -0.0078043763470913375, -0.0005515705686299348, 0.02003459479940774, 0.03867362578110906, 0.011429391935763047, 0.014448779504750042, -0.005131950804943525, -0.04562698919506956, -0.027290873037739236]]),
     np.array([2.539731721670595, 2.593878117672594, 2.8814707211192365, 3.043565764648404, 1.2373779489722436, 8.17275501438135, 0.2470228038401629, 1.203192207383944, 4.999138338345653, 0.012692058633802218])),
    (np.array([1.1763075150094697, 1.4854922212305823, 1.4907265070501485, 1.1099278069807257, 0.4305724127487697, 0.311996845719911, 1.3449466489207735, 0.959404936481877, 0.2559067560311059, 1.736453983766418]),
     np.array([[-0.0683458291678325, -0.0231651645494397, -0.0029153973308937214, -0.07742833938396305, 0.0891287678727823, -0.18735676336020451, -0.0397850409932371, -0.018003255669491222, -0.03188396505269359, -0.026161320690076973], [0.12266476134987633, -0.07169446861833731, -0.04886096864201063, 0.043642208296030015, -0.0636079524841295, 0.15123362780362054, -0.03130718728179329, 0.032552053878637466, -0.21147235893476551, -0.04805328490516142], [-0.07050590684545832, -0.09690445924817098, -0.07910908908381796, 0.12058249920898562, 0.01676907283416463, -0.025991925318844734, -0.024197062719715046, 0.01180331701018713, 0.039125931980869125, -0.06349213040821905], [-0.027718015960625425, 0.003445370577789184, 0.026680518918169974, -0.04562820813248269, 0.06446095675568696, -0.052500974907476836, -0.043005030407292505, -0.017584533198414153, -0.024772224654770726, 0.02032336682451164], [0.0806789345990077, 0.030623460058241427, 0.04666288918695195, -0.026334839800933506, 0.0808529424763243, -0.1396849307576551, 0.017655993052541643, -0.03492667565608479, -0.026660446054262876, 0.02125422771518045], [-0.006918430329878546, 0.00794522959602132, 0.29953433517780587, -0.21604820590321971, -0.050304391411160373, 0.0201927510634151, -0.08306714219406357, -0.006723818642019588, -0.07620211445865568, 0.017088354899177687], [-0.06409836845921354, -0.05425144070571526, 0.07085740208296445, -0.09235802215677952, 0.014053548658668051, -0.08857174698775146, -0.017789765703518635, -0.0024142716408204487, -0.1517812819998065, -0.02975362084440323], [0.011330410023856938, 0.030122305984955827, 0.01551831380997914, 0.043375545233430006, -0.061501931053220917, -0.023682222760627664, 0.014395469915082415, -0.01208338085505405, -0.028717253070244284, 0.0030904936100922113], [0.048446229384309376, -0.04036618226615915, 0.01669451385593595, 0.011663775991694885, -0.033724965042918116, 0.03594175842129986, 0.02456395079678263, 0.05706165872849313, -0.10945602141272985, 0.016965339118769938], [0.030013903919786707, -0.0022656281331925373, -0.06026997259667015, -0.028443878037904272, -0.04796773456605741, 0.06969964579593765, -0.016312450445058066, -0.06687922314354847, 0.017861621935775084, -0.002354263712569842]]),
     np.array([1.3643675900366519, 0.9465807222467345, 0.8649768654920272, 0.19970444975349233, 1.7206580240810851, 3.174346846873604, 1.1711311542892189, 0.9096912739646597, 1.0061235779036306, 0.7149918158918951])),
    (np.array([0.9965115998111141, 1.3306477173801614, 1.241908334560179, 0.7842021411028663, 0.5044571251378801, 0.30115828752104973, 1.0204668364469505, 0.3781386084777914, 0.3097657500888291, 1.2944660241755543]),
     np.array([[0.25444102654350825, 0.4194322920683408, 0.4326469225984334, -0.7232381974580128, 0.7713014831019057, -0.5771247418184566, -0.488792135619915, -0.31768023413869695, 0.7008555206722842, 0.11262107908805792], [1.5850410123033252, -1.0887156114354808, -0.09651650471438367, -0.8077627286864265, -0.6981409005320658, 0.6579098244377702, 0.14042901624126763, -0.544235493076781, -0.15004908727716335, -0.35097874033961796], [-0.060928709367718874, -1.4581989426341044, 0.6720152623786402, 0.04640315159524178, 0.32256021900386406, 0.5356629143256387, 0.1427631453121727, 0.42233694952236095, -0.22736322537536766, -0.17705120038326425], [-0.13295845954194394, 0.2009747279890975, 3.104470028480498, -1.234672924296482, -0.0569876597868724, 1.689762049074381, 0.2744319774578238, -0.6256585614131123, -0.431725300268181, 0.22318194194566976], [2.765794767962651, 0.3815954626765782, 0.006974535619766392, -1.6189168944080619, 1.0721038421075162, 0.40983983850229816, 0.6372382878121851, -0.14805662283860596, -0.41674419988661554, 0.03201543489541549], [-0.027513018649328924, -0.11320433706722119, 1.15299813173452, -1.3628429254715548, 0.12295485554045377, 0.49996352396009675, -0.008559950817299669, 0.11702935693438535, 0.11018897169089775, -0.007443742443937252], [-0.01897564647903108, 0.018278665398718065, 0.04944385210978213, 0.01749236177499358, 0.029658675064458427, 0.16347873822286968, -0.10550404040047548, -0.004426120754412561, -0.05580000535544155, 0.02905630356969209], [0.0014049878038256516, 0.02240404280186785, -0.005960961353357684, -0.010171854662111476, -0.004822346262215757, -0.021964729512554064, 0.02668224199549621, 0.010992742439777338, 0.0415950553049596, -0.00034697957466092087], [-0.1089869937451918, -0.04983412034485486, -0.018471273701849703, 0.09298703477778206, 0.4907806070786517, 0.09127127384529873, 1.0173915649026155, 1.8248643643967717, -0.24441413890861757, 0.3182928162866642], [-0.06146580020960627, 0.031466055221862, 0.025283572618212336, 0.04565616094523719, 0.03167388154507126, 0.2246198628899692, -0.012469625308546055, -0.040413693562503676, -0.05938046844553188, 0.058148025586568404]]),
     np.array([40.269015840884244, 82.39116561041389, 98.0490914235095, 160.70857037785726, 117.29732420164072, 14.13399486775931, 1.0020636694057168, 0.09177462334580001, 102.80047550123977, 0.6525345680315171])),
    (np.array([0.9453700709284104, 1.2048683485754246, 1.1891577074576722, 0.8665679911731018, 0.4342079436967933, 0.28068082883755185, 0.9502827066701683, 0.7262848576570279, 0.30236374120172493, 1.2922196664037047]),
     np.array([[0.07792582260073606, -0.05047754105611167, -0.027289664003127167, 0.0020221935210352495, -0.0369974020810269, 0.22870332322033068, 0.12186982843661548, 0.13878123697144198, -0.16095194932970666, -0.04916006850706951], [0.0035782105839831523, -0.01885898474761745, -0.0055566316001258095, -0.013635721769875816, 0.014681063338668938, -0.05137609231528905, -0.0014089237518339604, 0.05098274253522161, -0.06324959718853038, 0.02199214877898961], [0.1345335057785037, -0.4618142149548306, 0.20432756779680727, 0.09141633332598162, 0.1058910242945566, 0.07538221481940716, 0.08064970597123251, 0.012981269134159411, 0.056347056324348235, -0.06594194789920681], [-0.0706779633224117, -0.08618156218520012, 0.230093196264846, -0.2689777883654658, -0.168107380336271, 0.05624748107923815, 0.06146819213071256, -0.05261234221968381, 0.05195743620884843, 0.04862009201599129], [0.17292420456328272, 0.12336349951736017, 0.11544335593724367, -0.2814803662185188, 0.46606586610280387, -0.1324503279396707, 0.12390605876501298, -0.05085059707696884, 0.38849168752997015, 0.009203985699706768], [-0.20592419995474798, -0.11873263862576929, 1.1873533584882663, -1.1093627864858615, 0.197785598946868, 0.08620977843424481, 0.051730757288025134, 0.1307157136807212, 0.12569499394326217, 0.11848149995329008], [0.012114088753876892, 0.006813101514994978, -0.0013566222137011627, 0.005916565170668609, 0.00597012366508495, 0.004033790107736435, -0.013792382293887835, 0.006125694595861041, -0.009209742487587477, -0.01019614489723016], [-0.008637746530054021, 0.006238325084645331, -0.03913630497202258, 0.07762680381739341, -0.017285733881592723, 0.07631355315233171, 0.07071440189959452, 0.10911167129851777, 0.022294981551669334, 0.016324096040548776], [-0.054886199971307385, -0.03044190529481834, -0.07485395314260512, 0.17162273094186453, -0.04204526215738979, 0.36627326759727846, 0.20818177401154325, 0.484977551579726, -0.3430937075570238, 0.040465379797117826], [0.032016307589314605, 0.10109830662743202, 0.033729540561401705, 0.09027709723040765, -0.08161192820258359, -0.17009995942388542, -0.04047102820458387, 0.06410730210892109, 0.1054912994767612, 0.1712095332879014]]),
     np.array([2.492347925811799, 0.14660926531358975, 5.398993429870048, 4.316925594599049, 6.8176315464820085, 14.795886587639933, 1e-15, 0.8569624211091492, 10.135401793390848, 2.2325460848510934])),
    (np.array([0.9634665404716923, 1.2897277968843852, 1.2534919501892479, 0.8133238624328079, 0.5080390511564856, 0.26631450117882816, 1.0775729641732088, 1.0319532617498974, 0.28430140598963066, 3.1341980427553637]),
     np.array([[0.39169619478998724, -0.06791142777401683, -0.3410290222806612, -0.3899332430478359, 0.39648673454968125, 0.8227347698816149, 0.21011795196679087, 0.1634569418519992, -0.5381762874274316, 0.054604179315906554], [1.704595202984603, -0.6197399790998612, -0.3842164376598274, 0.6671352554299015, 0.4737757653832448, 0.19174265521604061, 0.22492354773268386, -0.42816413060078773, -0.2782051979094255, -0.2971369843019992], [0.1269746376780829, -1.5671163525815006, 1.4824855873027278, -0.6388841538182338, -0.2462523483527861, -0.24138441898645416, -0.07588555671187441, 0.4586639895558433, -0.7058928516054906, -0.09610369016511415], [-0.4795835427931428, 0.05676465511216508, 0.6963707022273028, -0.7172054211579869, 0.5608636400204097, 0.41307096961295564, -0.13340003263458858, 0.16099343526911888, 0.5086923190623577, -0.16876178379731058], [1.0313938281207993, 0.27491800312984443, 0.155033932390512, -0.529621793657898, 0.20711996718929002, -0.1527357982791983, 0.2361407182968256, -0.19354464521662565, -0.06784166994806184, -0.03714520103648331], [-0.11634955877151558, -0.06725618716170344, 1.3328753458297633, -1.0353775476769649, 0.04988871631664114, 0.2595746405241562, 0.0855111430881248, 0.04058664866465318, -0.0847998810924652, 0.11893726061945867], [-0.28037777220373894, 0.23548442698332034, 0.14095773701637293, 0.24267332181898715, -0.38814162373951516, 1.0776198232379128, -0.2635126074343682, -0.009212797811267126, -0.45535728678523857, 0.03866671467009815], [-0.0013728954860575183, -0.1675980745532335, 0.06387590751074511, -0.06474888982805678, 0.09140867598023474, 0.025712158216207856, -0.25071762773676426, 0.4128105808123568, 0.11316157101929619, -0.20337521594470326], [0.00149368613667926, 0.05394286957781957, -0.13042177377205955, -0.1648695359937446, -0.15373513782770803, 0.5098367284605159, 0.3606689470330866, 0.5400720784122656, -0.29674170982464854, 0.12331997612039176], [0.02500906211118532, -0.008798455338838268, -0.021206186849374593, -0.011150503347705008, -0.003508537302894853, -0.04263123472832905, -0.011778431904980017, -0.018730935527330773, -0.07334514036730641, -0.025333446199834735]]),
     np.array([22.500376468513885, 41.08484676309463, 48.06464294219969, 28.849681099065972, 34.896383454170675, 16.546351164985676, 19.71781318675714, 9.452115980886465, 14.634661406265842, 0.0840651631707791])),
    (np.array([0.9632268381915163, 1.2442180594406849, 1.1838401936128955, 0.8356723992301032, 0.4860685570655109, 0.29388536868995463, 1.078459019157382, 0.9608268479909516, 0.2652329707624709, 1.4630347059667743]),
     np.array([[0.02799022617641594, 0.010956142025336903, -0.066169922220921, -0.003124124847283547, -0.0033814546576827285, 0.1363511548309079, 0.021785467465874914, -0.040005865347650126, -0.01960246851711972, 0.027204775226549995], [1.6517770684876274, -0.5759527081005992, 0.4283652718104705, 0.6947185949824564, 0.28554341668407884, -0.28653915623221704, -0.16783847812921615, -0.2960212153686943, -0.3205581694746821, 0.04667714742805287], [0.2310201958209767, -0.8373333879333597, 0.6347261156542423, -0.02167120597526749, 0.133646047082488, 1.3556319076108383, -0.014667867898500905, 0.06774208883923542, -0.19235059323867038, 0.15444700729661964], [-0.22363562131413695, 0.0075275773781237725, 0.7219611065543612, -1.2571083263325624, 1.3847884079639634, 0.1244861483624711, -0.777525083947648, -0.068378950618723, 0.667819713585336, -0.04549540287313136], [0.8304326257371473, 0.04702275196986695, 0.0318056940780478, -0.5240826727137353, 1.07951438746175, 0.4992843889829467, -0.06452440622756263, 0.27245962598439644, 0.02546409924197743, 0.109372247293021], [-0.016128931189629887, -0.17134132610439717, 1.5066745799808934, -1.254310049622737, 0.05325617274832173, 0.1607145161023145, 0.014060512979247484, -0.019880107659832186, 0.08319091667104637, -0.04941315869378402], [0.21252736813901305, 1.0338801935712951, -0.017207893521860654, 0.42301442463396277, -0.9001861444622861, 3.6490736862108775, -0.0005920144644082994, -0.7030415397383591, 0.014084470222746816, -0.5964970708220823], [-0.16384209554481863, 0.18583378797769645, 0.12248223633469424, 0.19763916998295655, -0.1989788568867211, -0.5895190846280118, -0.11516483557687852, 0.790800851648049, 0.3074483123400145, 0.16726450898585613], [0.021135992504952673, -0.01762728734114181, 0.11922697731878996, 0.1720105163113752, -0.2402708446971795, 0.2349422927512466, 0.46571040240125205, 0.45818935993571747, -0.2728447610127004, 0.08210828581259202], [-0.16204080205802218, -0.2357179278046662, -0.09506715470892169, 0.46980089663803976, 0.46241944015195147, -0.32992803108563634, 0.04827025792331067, -0.21316058014737244, 0.6656224293995433, 0.7414012048470192]]),
     np.array([0.7435410028056287, 20.71483014222789, 23.578540095372407, 77.10838398977238, 20.5296104179051, 19.117698283853965, 86.39016357042307, 12.408289046087226, 19.427167454105824, 16.865591405979])),
    (np.array([0.9466760808128846, 1.2241844026452289, 1.148967289877369, 0.8276228564596769, 0.6533835428403533, 0.32286661592915, 1.0460955192714751, 1.0439806181347226, 0.28912692356641656, 1.5680236232896707]),
     np.array([[-0.13630429524633017, 0.24104486568376118, 0.12185236903788911, -0.20938087288550444, -0.18560829351629035, 0.004563529820856658, 0.10992865326692089, -0.028937351422969264, 0.5329756195664969, -0.0610833888865304], [-0.04716426364342769, 0.03991491194685221, -0.09498977696944223, 0.02939384949373193, 0.18646727442071676, 0.2960763941958494, -0.019550320343599412, 0.00459292454580048, 0.23983909232747877, 0.0915388715331778], [0.664235714833899, -1.191584530632307, 0.931384878584705, 0.7678518443325736, -0.011632736983740522, 0.7897545465145709, 0.10284116905520627, 0.2832625446814641, -0.2599434815924866, 0.37344123718916156], [-0.5285733221732003, 0.4794327513148387, 0.5477154873679382, -0.5483529610360275, 0.11119826951107176, -0.46971191562776704, 0.10290802627162925, -0.015155430078041095, 0.08696052934003663, -0.2066545768121719], [-0.01498225903512691, -0.0025256790561166346, -0.007812299185141673, 0.04515291361784609, 0.013396402512100978, 0.005868875348092796, -0.0007990204873142618, -0.011588104378726897, -0.014853199512216671, -0.01296805839102677], [0.011521612280444033, -0.08641973518692542, 0.874629531324245, -0.7922665950026427, -0.20213723919080415, 0.41897003109473596, -0.009389903715233898, -0.1135317901633113, 0.15198554958622884, 0.012816501100541782], [0.13908865870663362, 0.10442263785092927, -0.1860933952019332, 0.19396251577371532, 0.578335338667461, 0.47621677812725244, -0.031374330248378754, -0.03698957397378048, -0.05145758596862409, -0.12020722827702704], [0.004084010329344957, -0.2300181086109782, 0.05380010607152087, 0.008746541906949071, -0.006960864979172052, 0.686854231748862, -0.1395451385653273, 0.1381173394978117, 0.06709762800329647, 0.042037486388160177], [0.00824418667481515, 0.044403416107880414, 0.03772557362481476, 0.01654175617166326, 0.01729924684842656, -0.05162686814533418, 0.18459456959811113, 0.49082169547806903, -0.11150496308163553, -0.041697602881756696], [0.03341663796555594, 0.027325365300327566, 0.01863358829464643, -0.003157458734036593, -0.011176408146192232, -0.09694878496017657, -0.1147878670675793, 0.05767435649094145, 0.030085490022756258, 0.008235108872466052]]),
     np.array([9.67797938537581, 3.00519466449441, 28.825625483360852, 17.328952200161535, 0.17030135572803248, 11.776990178539249, 10.154896064008174, 9.465662644483684, 10.255588674990769, 1.0658227725246991])),
    (np.array([0.9237589309788737, 1.3196983160226758, 1.1560761842135563, 0.8865856261729337, 1.3444195538076618, 0.25091695916684137, 1.4203618130428757, 1.432475208236903, 0.2835462760801954, 1.5638118672088082]),
     np.array([[0.25848209404300143, 0.19414664238604348, 0.2824245238583642, -0.3308666459230244, -0.05076657508076644, 0.23015372335102527, -0.2008020508400435, 0.13057551485006372, 0.2326304495106916, -0.03973369509696549], [0.39789855222235226, -0.4594655397170867, -0.18631675611837378, 0.25336818454302384, 0.08881959134442671, -0.354329305308208, 0.05583498558020276, 0.14401126688122168, 0.05656415123162695, -0.09780581103544496], [0.08667432068178266, -1.0132509732601076, 0.8944411313969634, -0.040801770447730396, 0.05671024376566196, 0.25868088030850395, 0.3317778130737802, 0.1225106939675749, 0.29755667745011977, -0.19343982906489912], [0.02320023428104331, 0.006945338275022013, 0.00968639321872578, -0.08824986944481372, 0.17694156778365425, 0.04509548254124983, 0.046651486939460016, -0.09832467920103313, -0.011790734120814382, -0.0625651434376567], [0.0018312082685941957, -0.016815757179985097, -0.006311508627677822, 0.02589443425444095, -0.05673627090701474, -0.022105481485915904, -0.020775437078665117, -0.005373916081414039, -0.05748924832472169, -0.007368767727012239], [-0.013974883548431686, -0.050829061901383615, 0.6076957069086768, -0.33567249684967226, 0.032449858957599935, 0.004740416902660381, 0.07047259372256487, -0.0028080934505437657, 0.07541467108865128, -0.006942988950757439], [2.0724216591960635e-05, 0.038613621183579805, 0.0678600116930863, -0.0549200026137724, -0.07537174346730963, -0.0360122688230253, -0.08021304996238394, -0.07183916640651997, 0.01757745325703989, -0.10741940931327311], [-0.022660858982582847, 0.021927613984995983, 0.019584327015982905, 0.000141831965177331, -0.08177306837053328, 0.04039735192661973, -0.013807604311474033, -0.044098313747423, 0.03793993605289851, -0.03788796612719609], [-0.02954467621105034, -0.011373574728168943, -0.014763178867206099, 0.048640970101295145, -0.13181504841876251, 0.5225626605205194, 0.14077815094307997, 0.3077617524779775, -0.056535109369045926, 0.16056236530851759], [0.030052117429672023, 0.03866023092930849, 0.050608533673146446, -0.033022831999153596, 0.04690561649691597, -0.09432585406123435, -0.06432999214603644, -0.05807222465991141, -0.05192401226278089, 0.029514518453475743]]),
     np.array([13.949860285988118, 13.17899470367677, 29.6917723521031, 0.8060648893302212, 0.1198518803518325, 6.7248426122751415, 0.9816861916153837, 0.30419130986551113, 13.563223187276266, 0.4241797728563732])),
    (np.array([1.15788099322373, 1.2441401839039978, 1.452338346102585, 0.841950046512756, 0.6454770838552704, 0.2991351269291998, 1.087827347913335, 1.0364246448895045, 0.25175257033964515, 2.1593041889114306]),
     np.array([[-0.008150017901888467, 0.004774581109600648, -0.030557598794342687, -0.02017839477093473, 0.012235205499398457, 0.013451221102196959, -0.021744747865915237, -0.039484714824374566, 0.0169031760677481, -0.030340345745440308], [0.09845188851801054, -0.048703201164058345, 0.025064853039163424, 0.008023062475786751, 0.08718411519686764, -0.041293006761313505, -0.1056847562913064, 0.0925600549030524, 0.003211903251887119, -0.006424238519323527], [-0.1118663460962559, -0.2603336408059235, 0.057608635285657725, 0.0199681735418333, -0.10250167408509275, -0.12218437713087889, 0.015316509122093173, -0.04911897586638345, -0.025244450158200905, 0.030419792441430792], [-0.13538365965510393, 0.02298754626017127, 0.0840260700163893, -0.005585686231427036, -0.011876109724666394, 0.0006738951397696204, -0.03518174908189692, -0.008283902433721542, 0.04016200740634133, 0.03666202402680663], [0.027885781969449346, -0.023482097266996096, 0.00907314716451078, -0.09918517975215964, 0.02846708909383355, 0.01818421811072799, -0.001496581229380352, -0.043789666054729406, 0.037010867125245116, 0.0033530967128615322], [-0.026244789304645043, -0.08377415044013993, 0.41336452515757194, -0.38445082212500525, -0.007888664153291728, 0.15249005117501033, 0.00161238552543617, -0.04093286238092229, 0.02392692668845691, 0.11030467292467906], [-0.017574441297546317, 0.0560783515541847, 0.018139357576824413, -0.09782212167932322, 0.01785560373060682, 0.018092323970899448, -0.04914077602796319, -0.051243824070906205, -0.03838289463898186, 0.0533277002050098], [-0.10466351756336367, -0.02647812699153703, 0.055119487279421266, -0.03442917694011519, 0.002535488981524269, 0.05441146292317802, -0.008241167004941253, 0.046304814821869114, 0.24481819023368345, -0.036636594244953254], [0.05784800474870678, -0.024835571767833305, 0.023762316822347734, 0.044505226617121994, -0.027993366507905675, 0.03429876355881884, 0.04936965198739746, 0.10019657365761933, -0.0040161478492859205, -0.04860989964244117], [0.0021076286083903033, 0.01134115338706138, 0.02106506549469041, -0.0018642370967535712, -0.010819432068372712, -0.0341202994737928, -0.008690555344115515, -0.028496849954770035, -4.6652676934403585e-05, -0.005159705904037605]]),
     np.array([1.047509167214819, 1.1028602538759633, 2.2747756352694934, 1.417403157805456, 0.9717780444786879, 5.1312232267319136, 1.5117405108064754, 1.5926986751053984, 1.4657970918965186, 0.03898190410721852])),
    (np.array([1.0982180776831532, 1.3150109619228458, 1.3117907053698925, 0.9682595790694563, 0.5861825321242391, 0.33411009217999293, 0.9178920641641659, 0.9578768129505228, 0.5615591090658238, 1.1918382206222966]),
     np.array([[-0.00855649658608421, -0.033204774623276305, 0.01842420221729072, 0.004971340029642744, 0.02954521551968684, 0.08452292255762392, 0.012223624791205197, -0.04153517337829687, -0.06530049389826437, -0.02648776714182717], [0.1274894686307769, -0.13839410895528687, -0.032468586435542894, 0.13852157347600405, 0.02795839156205865, -0.08183473736746133, 0.019953752637258047, 0.03280176902085688, -0.13647187129660088, 0.01627188658527243], [0.0030960829516295304, -0.08130936608229984, -0.029889820560866722, -0.026096577464580856, 0.04289913320533862, 0.012819733863355626, -0.021369058520842286, 0.006848390286118276, 0.18450472952163416, 0.018501690812477777], [0.005696031279855741, -0.030748679902954223, 0.016196815260096024, -0.08780667638421119, 0.018528841629188695, -0.012596133768856009, 0.03386498349526528, -0.027743648739169187, 0.01567428977594061, 0.020447225246770992], [0.03258671005735362, 0.03164259382463213, 0.00870333850948035, -0.13374793698958146, 0.007516833080234018, 0.04046521655169927, 0.03485990093437112, -0.03406917337341122, -0.14217025158517332, 0.025160081736336725], [-0.026561143334450598, -0.04866269725725561, 0.2643583837691341, -0.14232143368417283, -0.025034958851292807, 0.06579659020684472, -0.007080514859025146, -0.050677324073231604, 0.024950137395718403, 0.01350295277606184], [0.022829114317291208, 0.015663355378997403, 0.016125524686923156, 0.009202935985709603, 0.0073641985525277395, -0.032681116462217545, -0.011102350131840116, -0.024701023796260414, 0.014526302073525201, 0.06940140817006694], [-0.02384587286520986, -0.032717584037517886, 0.03576344732574738, -0.04503288809199885, 0.03463363875275491, 0.025988030113630142, 0.08409180461678803, 0.09936615566299502, -0.015393764338008082, -0.019207063842427066], [-0.005513015852212141, -0.003213715209666912, -0.002240241878715386, 0.005314516501361836, 0.011611194649572111, 0.003582650756675988, 0.0007232386658683328, 0.008985090693512145, -0.02439106152642028, -0.0015327946642651462], [0.29749641797252113, 0.01567606238429992, 0.08002924175563543, 0.15713304984764098, 0.10093680401251952, 0.0037883164562982612, -0.14689924428174964, 0.1051411023891996, -0.09803211053799721, 0.08459017407032578]]),
     np.array([0.7890229822644658, 1.3106061841581043, 0.6668809955519908, 0.3747186672442232, 1.6499226524083705, 2.6032201402257704, 1.0434909641721042, 1.6311681868419883, 1.2019470701683783e-05, 2.013021182803684])),
]

hp_short_mem_hp_final_estimation = (
    np.array([1.020584397836795, 1.302850123530702, 1.2250978364963283, 0.8124422179185278, 0.5356726140598197, 0.30172674332963856, 1.1086168126453688, 1.0021979662852778, 0.2984536730709317, 1.5457274029251702]),
    np.array([[0.0, 0.0, 0.0, -0.7507863864000969, 0.0, 0.0, 0.0, 0.0, 0.0, 0.0], [1.0214088281295182, -0.5160602606358726, 0.0, 0.0, 0.0, 0.0, 0.0, 0.0, 0.0, 0.0], [0.0, -0.935920269132563, 0.6950317843231502, 0.0, 0.0, 0.0, 0.0, 0.0, 0.0, 0.0], [-0.3413444973764219, 0.0, 1.1329633962635248, -0.8019948049772004, 0.0, 0.0, 0.0, 0.0, 0.0, 0.0], [0.0, 0.0, 0.0, 0.0, 0.0, 0.0, 0.0, 0.0, 0.0, 0.0], [0.0, -0.08558573965636268, 1.0256596130627234, -0.8191769509266665, 0.0, 0.2421435569674372, 0.0, 0.0, 0.0, 0.0], [0.0, 0.0, 0.0, 0.0, 0.0, 0.0, -0.014007597734448606, 0.0, 0.0, 0.0], [0.0, 0.0, 0.0, 0.0, 0.0, 0.0, 0.0, 0.5391607370256366, 0.37654648332531176, 0.0], [0.0, 0.0, 0.0, 0.0, 0.0, 0.21885495811392025, 0.24274912840668586, 0.4217969171882558, -0.11446579528748407, 0.0], [0.0, 0.0, 0.0, 0.0, 0.0, 0.0, 0.0, 0.0, 0.0, 0.0]]),
    np.array([42.93029005519874, 29.066982948548034, 23.176328785315345, 32.13711929639254, 1.0, 13.990852642148756, 1.1480259379865183, 20.557939957490103, 12.888752095719784, 1.0]),
)

hp_short_mem_hp_interaction_matrix =   np.array([[True, True, True, False, True, True, True, True, True, True], [False, False, True, True, True, True, True, True, True, True], [True, False, False, True, True, True, True, True, True, True], [False, True, False, False, True, True, True, True, True, True], [True, True, True, True, True, True, True, True, True, True], [True, False, False, False, True, False, True, True, True, True], [True, True, True, True, True, True, False, True, True, True], [True, True, True, True, True, True, True, False, False, True], [True, True, True, True, True, False, False, False, False, True], [True, True, True, True, True, True, True, True, True, True]])

hp_short_mem_hp_pvalues = np.array(
[0.27789177335227444, 0.4914583307625071, 0.0032264991417289, 0.1442141493428275, 0.01784093310555379, 0.019514568499328977, 0.16592469432778967, 0.10755050844815262, 0.022714239059502872, 0.0002438198974780148, 0.007863669936479467, 0.0003311220695469963, 0.01636150941265324, 0.21019748280271733, 0.6787601723010537, 0.0043415277470866265, 0.6013096338755194, 0.8935499799908989, 0.08169324627071883, 0.14565337855105143, 0.11883976060692714, 0.035319683455539375, 0.18094379993507015, 0.017667621797009425, 0.0550092323296576, 0.11343891859956745, 0.06766523655549417, 0.11270268335801603, 0.0010775229808104303, 0.035049177213019145, 0.05442425125208272, 0.12450966462019786, 0.5680918129391946, 0.04891808753455973, 0.16234236557237725, 0.5448464542976457, 0.04581902264382476, 0.48515974233321757, 0.07138046497703565, 0.3285947995187545, 0.01392667236491496, 0.03668660455219708, 0.009561233178055906, 0.309967934951378, 0.2321139563518826, 0.14140388459841235, 0.16406341015861492, 0.08531100392903068, 0.07764249164397896, 0.02435467489708465]
)

