hp_hp_estimations_step1 = [
    (np.array([0.7260251342804129, 1.0167565456983119]),
     np.array([[0.14103239631454206, 0.026240623822154995], [-0.6473392653926378, 1.16003053357755]]),
     np.array([4.035834810127331, 1.8456613553653387])),
    (np.array([0.6746338332119513, 1.0084054577328323]),
     np.array([[0.11746458681968128, 0.021122761044111787], [-0.673926035046132, 1.266587371439972]]),
     np.array([2.921333800712089, 2.1008949111858324])),
    (np.array([0.7276039167529658, 0.9493151565062952]),
     np.array([[0.2065971694067403, -0.015383854677398326], [-0.4856325393412514, 1.1435420141003954]]),
     np.array([2.4860342417108683, 1.918942302265537])),
    (np.array([0.7232279709829, 1.0453737512263501]),
     np.array([[0.6199541030825586, -0.09436030510927909], [-0.6633023254917059, 1.2619944604929894]]),
     np.array([16.4760227612293, 2.06211484667565])),
    (np.array([0.6774304441283674, 1.0336117170813264]),
     np.array([[0.231790340549154, -0.004114594313104704], [-0.7044387865148062, 1.2358821066367303]]),
     np.array([4.000971386161494, 2.034638511897443])),
    (np.array([0.6894521225684694, 1.0598767282481192]),
     np.array([[0.30441837592995913, 0.058581394132942], [-0.6834699646412856, 1.3115970590207222]]),
     np.array([12.370202416277024, 2.1076556339049213])),
    (np.array([0.6836492490236745, 1.0375644909157193]),
     np.array([[0.07097836739863392, 0.006433858337452343], [-0.6328842043437843, 1.1444841300616124]]),
     np.array([1.9133097375161332, 1.921647245614554])),
    (np.array([0.6878680765185744, 0.9385496924829801]),
     np.array([[0.23862804631648726, -0.009277695833042868], [-0.5389488851683218, 1.2345244792383694]]),
     np.array([3.8880561036222203, 1.9761042186724909])),
    (np.array([0.7532971900698683, 0.9943443492482977]),
     np.array([[0.47782209276431487, -0.032223930392997], [-0.633534779863894, 1.2323154047957974]]),
     np.array([10.842836834495928, 1.972598856124748])),
    (np.array([0.7043401821676867, 0.9702444508032358]),
     np.array([[0.027903845603282896, 0.01575695721171871], [-0.5975627880209078, 1.1801488460322134]]),
     np.array([1.0216544625471182, 1.9299455887140713])),
    (np.array([0.7466987046036409, 1.0412591474134665]),
     np.array([[0.21057292101053338, -0.04325402998696707], [-0.6534749363675515, 1.1827603627385432]]),
     np.array([4.8701018903099325, 1.9413103597044092])),
    (np.array([0.6774696017175426, 1.0412024131847843]),
     np.array([[0.1398565440981312, 0.0014746569944455922], [-0.6500048524091393, 1.2720404046181761]]),
     np.array([2.356118148183416, 2.185472468922974])),
    (np.array([0.6861205409286326, 1.0006888573185841]),
     np.array([[0.29832608969650576, -0.014792620347841488], [-0.6285609489629128, 1.2307198559622807]]),
     np.array([3.576130132742356, 2.0714022467268727])),
    (np.array([0.7194486282761445, 0.9857048060772723]),
     np.array([[0.261007782454913, -0.0726082614010463], [-0.6082802418166829, 1.2747881215268606]]),
     np.array([5.412261940060415, 2.0965816976451457])),
    (np.array([0.6766047071580694, 0.9805419439526388]),
     np.array([[0.11940870815122323, 0.010032788061584237], [-0.5853264631582438, 1.1928848188326222]]),
     np.array([1.4898901298062517, 1.9363758289651174])),
    (np.array([0.6309353856047887, 0.9627635438665206]),
     np.array([[0.294343714874839, 0.04568874001134571], [-0.4850551634249092, 1.1415624648106724]]),
     np.array([3.3122078070367023, 1.8864775033042755])),
    (np.array([0.710758910770777, 1.0163822398903846]),
     np.array([[0.14580140659338992, 0.02174609799166845], [-0.5698952110376585, 1.0629561851327147]]),
     np.array([6.3871907432260135, 1.7936981845818263])),
    (np.array([0.7041871042521912, 1.0053745940244736]),
     np.array([[0.15965283727717128, 0.021519452857753033], [-0.5735642853878402, 1.1433827794726557]]),
     np.array([2.6909773055283237, 1.9466039907667054])),
    (np.array([0.6995528881490295, 1.032878544779567]),
     np.array([[0.228532219379308, -0.013370737771384865], [-0.635880958934933, 1.2087101789912909]]),
     np.array([5.539745233205447, 2.0563600921252267])),
    (np.array([0.7083913318197644, 1.0192587508718485]),
     np.array([[0.11547611488137953, -0.007147834723320992], [-0.5894274913360388, 1.1844136240766387]]),
     np.array([1.49611281517203, 2.044994364534817])),
    (np.array([0.6948332258762064, 1.059985343654956]),
     np.array([[0.21453501217792825, 0.023414145904666152], [-0.6271982517191929, 1.2134482999413043]]),
     np.array([4.100502438279582, 1.976596402740566])),
    (np.array([0.7123301965872357, 0.8922589806222139]),
     np.array([[0.3109409279069985, -0.05481356071837195], [-0.4778577254439169, 1.2465453711198182]]),
     np.array([11.363185732704562, 1.9926196690101707])),
    (np.array([0.7257655571823675, 1.0290260228195327]),
     np.array([[0.20113045652366793, -0.1280714490674907], [-0.5655282499345154, 1.1971673089149253]]),
     np.array([12.461425201742674, 2.109141176621206])),
    (np.array([0.7141672672918026, 1.0359074904226162]),
     np.array([[0.25443798946580826, -0.0015096368686720357], [-0.635003719247815, 1.1993867336174615]]),
     np.array([4.42660184981806, 2.0052978943104938])),
    (np.array([0.6181737634912963, 1.0382537651977133]),
     np.array([[0.22043085514542554, 0.01919826599391718], [-0.661686628407376, 1.241509063813475]]),
     np.array([2.6029832204908105, 2.141430006242818])),
]

hp_hp_final_estimation = (
    np.array([0.6986500684625349, 1.0034917219826103]),
    np.array([[0.181354634369362, 0.0], [-0.5986226827938254, 1.2070499601116087]]),
    np.array([3.379650666337724, 2.000806275684968]),
)

hp_hp_interaction_matrix =   np.array([[False, True], [False, False]])

hp_hp_pvalues = np.array(
[0.6297687186960486, 0.4979672772023894, 0.1455302087913639, 0.5055651542845259, 0.5970233268339522, 0.045316125839922616, 0.5823500041029924, 0.7970059436340361, 0.21945804474302866, 0.44359316474185895, 0.8858790438795685, 0.5473440502880629, 0.8014983152753332, 0.5317035312902341, 0.5090166943171754, 0.6653766817041862, 0.9365558020223583, 0.46157931932149177, 0.10741182560986506, 0.21939273947295823, 0.3391392735220854, 0.9023088627532125, 0.2756480838446781, 0.2977116863300131, 0.8507549943080839, 0.16089603321273604, 0.5355653786487694, 0.524108533342689, 0.5950128874396722, 0.09253431211740748, 0.16248209945079484, 0.7010667998220116, 0.6433213565148816, 0.34051749878154436, 0.38740560214514375, 0.41620232941927016, 0.167151954709152, 0.35726859027861546, 0.13211674369510717, 0.06140925540213782, 0.7576669604779995, 0.6578565960251864, 0.7645873469608544, 0.07265751412424482, 0.129953683653663, 0.43650358254072463, 0.5759718253910932, 0.5849938383332371, 0.9781842561547838, 0.33070674259197397]
)

