gvm_hp_estimations_step1 = [
    (np.array([1.0399744217936087, 1.300529910205321, 1.0861462791675067, 0.735227704973342, 0.4356660099961846, 0.3390194787721784, 1.023429618325964, 0.995956440406348, 0.4465807690467943, 1.4199532071349912]),
     np.array([[0.44788065931647575, 0.11683319056831591, 0.20398264445271838, -0.7420599877217526, 0.3900217847926471, 0.7544399897876854, -0.0018764884110149288, -0.06346054513758251, -0.16827044405057903, 0.040745511220480236], [1.0308256693275974, -0.7073575760398885, -0.07480316267473595, 0.09642446836943089, 0.10341244920837443, 0.07581474356335328, 0.0024527149306947777, 0.06797158462791346, -0.11408527081073394, -0.05954705958774644], [0.15108665272280788, -0.9423613314663151, 0.7749896321744092, 0.28682691667653104, -0.05218340633748508, 0.28578745097182356, -0.03305052372988958, 0.04420460249805838, -0.025515675994322383, 0.0513827913704415], [-0.45882587065165503, 0.21220830441264407, 0.8960500337172409, -1.3834003324779705, 0.24838962185077657, 0.19690094853512075, -0.060476242020343816, 0.04011564745540488, 0.26412090409947614, 0.0709143179874382], [1.1740238439875825, 0.38348441690835927, 0.06542124368549225, -0.41745496975773644, 0.4608279746219319, 0.1851458309356711, 0.1454408491181869, 0.044060811702013966, 0.016197109209192234, 0.06880741806103521], [0.03417179727909737, -0.125710256755487, 1.0853962996578468, -0.7529177221342475, 0.05987696806854211, 0.3166994626216786, 0.009254854325371632, -0.05136451473949188, 0.0019774488145388757, -0.007374613208439535], [0.04195108755112787, 0.07556393181824443, 0.062137831034690616, -0.15607966711489082, 0.09838192459510103, 0.5606026110075066, -0.16710638066735833, -0.24619097640942764, 0.08997244091794786, -0.04860136806486636], [0.08748297521941954, 0.0492927278515937, 0.086248905268747, 0.16353633456509842, -0.08615246378866252, -0.020383589148577304, -0.006758777057397115, 0.6139358378005338, 0.835118447299511, 0.030636536195723003], [-0.09464056692961881, 0.01129056902477855, 0.009355283478045227, 0.09323540936236388, 0.15098997493669053, 0.20500149260554176, 0.4235029514066125, 0.5629022074795337, -0.6803169014916295, -0.08840526379578134], [0.11660075262681847, 0.19861881440900675, -0.01573169923481192, 0.2816880870504757, -0.10613955473215024, -0.15932792220709896, -0.04025596429230954, 0.09798151837438639, 0.5038450566936944, 0.7536633079537031]]),
     np.array([6.855800337013749, 5.786278912150632, 2.263837771358509, 4.207004327867816, 5.703437156440978, 1.5466320050035685, 3.522633034935245, 3.3616050704182068, 2.7729028451089914, 3.4939793202704466])),
    (np.array([0.9983443858175799, 1.3113650440540345, 1.3044987927498475, 0.7280801996237228, 0.46755485122773294, 0.321129708562204, 1.2484217208864723, 1.2610293097685976, 0.4383713997104439, 1.718864244396978]),
     np.array([[0.6729757540365309, -0.09456954884845306, 0.07668440941854375, -0.9519059971197175, 0.5570665362657973, 0.9526782378357574, 0.03151216008020278, 0.007840185757226746, 0.12339348841886259, -0.07677145796876983], [0.7204363606625518, -0.548858657140078, -0.2975917234941154, 0.03264619539812218, -0.057031917145786905, 0.26570797344895974, -0.05095250408873441, 0.06307617118453221, -0.02786109806800331, 0.11161156675685742], [0.13878420148208306, -0.8440356694741588, 0.5937209794570826, -0.024539861067443203, -0.034916668854798945, 0.33293905814110314, -0.07960981102720951, -0.0016812560201305846, -0.14975495684559806, 0.041794034878558886], [-0.35417870847299776, 0.19422099769385132, 0.9359529338621079, -1.0145522618466871, 0.3017812004532115, 0.0513252377906603, -0.12874684010393636, 0.11490853887397759, 0.02832982663761725, 0.020287602700980956], [1.2059338259945926, 0.3229266007007389, 0.24901050450810017, -0.5276244612723331, 0.5489740406510653, -0.0792486316993432, 0.015825281391782384, 0.07254058960591253, 0.05519288583813809, 0.09036536165240194], [-0.003606367064408204, -0.15256138250327644, 1.0065675181821756, -0.8272575458396523, 0.14850054678086788, 0.23569812959563025, 0.03788485178092779, -0.001424580986286706, -0.015237948025024407, -0.018089875665928984], [-0.08998225329557615, -0.0068277533209724515, 0.10221231862552756, -0.24832200317790937, 0.006762656741707312, 0.3740396386530129, -0.091439011640856, -0.14546891239147905, -0.1869173846456206, -0.08607673648913454], [-0.03384047010947935, -0.09472576211272182, -0.058541669373401495, -0.09149728200228158, 0.06836373887494572, 0.06472234317690648, 0.010972464216604343, 0.3631267264266844, 0.8856394888681604, -0.07485112951700967], [0.10990840129438291, -0.03549802692362249, -0.026601965702350634, 0.1167902418883295, -0.07738290513876148, 0.3051842139621344, 0.4665068582602129, 0.6935784139786836, -0.5965592582158958, 0.07029111205848788], [0.17345008948978988, -0.12952155449243233, 0.061709961264514175, -0.048963040160701396, 0.007387982390581428, -0.3258404577071951, -0.09292241159009701, -0.018727812568901585, 0.6859574489376641, 0.7010233575289719]]),
     np.array([7.590301883482392, 4.430921375761472, 1.8667471602259724, 4.322979620911343, 6.3852738646313645, 1.5185264952868005, 2.418289642598153, 3.27678488061796, 4.602096557821479, 3.01254004217833])),
    (np.array([1.1090372542885227, 1.3453886463998945, 1.262666529168816, 0.9021463021944615, 0.49600793976197505, 0.3346438103502587, 0.9235444474516844, 1.0423881282399823, 0.5013462840571005, 1.7466172046264516]),
     np.array([[0.35807529051009285, -0.07080330348501368, 0.14627111312383578, -0.7999719142360772, 0.4761675516427188, 0.7732090615659554, 0.09927199720294952, -0.0012021890231356512, -0.2100396878762752, -0.010519913049656835], [1.3469939987504014, -0.895992458660494, -0.011562228977255038, 0.22893604504364765, 0.2662832662628372, -0.07469049209545209, -0.1440305813228972, 0.03556165948959003, 0.44534153739509574, -0.10575654151908778], [0.10450702462695736, -0.8935188383898901, 0.7390322605396118, 0.05292304654271819, -0.06693705013460355, 0.4282776914049602, -0.11865334868721109, -0.045138471399077576, 0.034015234183399114, 0.021799775409023198], [-0.557400372490082, -0.2077073412092074, 1.2494010370287505, -1.2108656055836347, 0.26796425289269804, 0.12778024777746122, 0.1360690593277795, 0.07609691995964882, -0.021975657290453837, -0.03608884050826352], [1.1398572128406406, 0.20640446832713255, 0.11269725322801517, -0.3587033621876992, 0.6621840194638521, -0.01921821069376066, -0.12972046809463572, -0.10793511234140524, 0.11665627876935399, -0.006686898344628191], [0.023824984449846612, -0.09405261860217297, 0.9647937715748919, -0.9148293492709219, 0.02532369596806151, 0.3452257281572825, -0.03248897126991598, 0.05900434831181714, -0.0013728898532686792, -0.03962469225355204], [-0.030595133051557397, 0.10186742600760663, -0.0020254374427346564, 0.034332442545783264, 0.06418671545351394, 0.5066396724762562, -0.10615952325978116, -0.1527153619401666, 0.007791474352225827, -0.0022899332581813783], [-0.15490402889074306, 0.04883036774552278, 0.09993968465744157, -0.06415344919439593, 0.003083231855368191, 0.06399274832427017, -0.18042697018040033, 0.5873344603392705, 0.6039834885640124, 0.011390943375028812], [0.016992707961613354, -0.018621505973254054, -0.08063111657397955, -0.00996512991194834, -0.038466468071330535, 0.332949025667408, 0.20757903291688495, 0.4003880182893266, -0.3649343763715177, -0.027594896529015426], [-0.08543821096539464, -0.10122957181578093, 0.037247863780573195, -0.013205555325082685, -0.05864255012673002, -0.07882857298321458, -0.18653364994517665, -0.03644120176068668, 0.4276778819260196, 0.6246169043583649]]),
     np.array([4.86162919763846, 6.62892464822263, 1.9694687984189971, 5.781466502418406, 5.570634387046759, 1.4081737704575006, 1.7316146397347048, 2.394535111200983, 2.2025006092770116, 3.0374955116378466])),
    (np.array([1.0487557168802633, 1.3138414055555612, 1.454823665914417, 0.838532319114658, 0.4420999819737812, 0.2780008387057536, 0.9818534880759995, 1.0009409159172944, 0.641424140080497, 1.3568347263682068]),
     np.array([[0.5673437925799276, 0.03555200459323205, 0.0898432173379988, -1.0016160345357776, 0.8155278707809309, 0.74592291229975, -0.15522910886733615, -0.01629219553003033, 0.07051616578957473, 0.05778829701676923], [0.8593048401839619, -0.6540622622327951, -0.3683365037078207, -0.012939758550416484, 0.14154445024895465, 0.10652041953287808, -0.15496221008893607, 0.015439912505859871, 0.32778559002966917, 0.027171091949585714], [0.16020028573225256, -0.948273490505579, 0.6981068533418424, -0.007449213128584048, -0.08849962944086044, 0.2678061906336869, -0.08400617563319186, -0.08133523993475324, 0.0054393223740624285, -0.01629436917341898], [-0.37064072231803014, 0.2165380081796026, 0.8834860605506204, -0.924476206625147, 0.014868477616853813, 0.19529806416024084, -0.223451376907589, 0.04067591337756187, -0.12923335577246678, -0.016347024481731684], [1.4335745027982616, 0.3911464631890804, 0.0025749985530433856, -0.3716471320846586, 0.721064441596957, 0.3030254509622507, 0.046590968396505214, -0.035522652636874846, 0.11548196234942791, 0.03159466904004241], [0.009940457988569542, -0.12068352156587578, 0.9183689499871321, -0.7190733259917975, 0.14603133315875627, 0.20671415304030868, 0.025230482318518026, -0.014032944291126899, 0.012458789425033204, -0.023589531785321274], [-0.05037671029367142, 0.027717672599768612, 0.1013885728739143, 0.041618554886184767, 0.12471719228127501, 0.3557748526172139, -0.09526950471179654, -0.2738199098055281, -0.014016515452193776, 0.07741859587678879], [-0.13004828117407372, 0.09707842536441465, -0.05921773395727722, -0.07081736276187191, -0.015941915433818225, 0.10267356850082507, 0.0006529674094031974, 0.5457190960964187, 0.45648248025907645, 0.0643480058446168], [-0.02587560781194492, -0.06281797579581717, -0.06283702277029973, -0.11735115058833685, -0.03305699930972888, 0.24768641052191664, 0.36195376864120427, 0.3563895322672987, -0.5970631062405138, -0.06420571185891144], [0.015564246016929729, 0.026328689682663792, 0.11852006185780856, 0.08562256175241614, -0.08115785352160626, -0.2927094001747075, 0.22474620063503575, -0.023830875267900474, 0.4136295135470462, 0.623713625069415]]),
     np.array([6.000605626317307, 4.456927586379654, 2.0736286026838746, 4.254442082680422, 7.525915791435814, 1.3908850277129339, 3.1091847676735958, 2.175579202415453, 2.626676017526492, 2.1913735041294937])),
    (np.array([1.0672981063192555, 1.3697238713422615, 1.1046310769128365, 0.7900658639231006, 0.3928986098407648, 0.4201901050485048, 1.003496034815694, 0.9242396874077664, 0.4034506820602831, 1.5852084068644947]),
     np.array([[0.6111344831749833, 0.03499110565358, 0.3509756698134636, -0.8460549168003801, 0.20309768805766049, 0.5953071531563967, -0.1868366985491812, -0.03996721862093056, 0.20336725215884446, -0.024970185641967818], [0.882743299942656, -0.6465330730805962, -0.2026964080207482, -0.01791957355608863, 0.23600225297655994, 0.04724680221291074, -0.0559751933724535, -0.10563946755422264, -0.09158947381425582, 0.01835803600697204], [0.15898915574479938, -0.8301884458394333, 0.722143709815984, 0.24993862263863215, -0.07872851472567857, 0.1971035971909039, -0.06095143361977483, 0.05784243926937947, 0.024003869498165537, -0.006307948175998794], [-0.4632733029860959, -0.07292459475731936, 0.9520447490018439, -1.2075306820834377, 0.28353906637092086, 0.15502190092240659, 0.164876982543349, 0.03296053501103046, 0.1629992849686864, 0.038880802215339905], [1.2080306883621619, 0.2146884649440037, 0.2587486738887894, -0.2995557756818717, 0.8213240859335394, 0.10478922349928997, -0.0612979528296603, -0.047097841415498796, 0.23892017761563059, -0.009370269029657792], [-0.01062185571424642, -0.16580699166495708, 0.9501304756640674, -0.7691146360823877, 0.11404172412171203, 0.15608041146891774, 0.06036930855633997, 0.06184551303551281, -0.15022055016608638, -0.041017303258096834], [-0.07378406187116873, 0.10327898732832134, -0.02939671734950289, 0.03969306467176336, 0.013804437442532362, 0.414216890522295, -0.07575160390536959, -0.19254203994639385, 0.0523791100059001, -0.0016542270428385652], [-0.05827270418042151, 0.032477594097549, 0.033165233074945004, 0.19518418781941063, -0.04713783748831045, -0.069107776589679, -0.08093191267617442, 0.5865520465432972, 0.6103374725306923, 0.055379957272373374], [-0.17096443689422128, 0.17736389308023806, 0.008991508238817699, -0.1633763967994132, -0.04677412557012963, 0.26168731823817115, 0.3001905381364467, 0.4229701857805663, -0.4868478394106173, 0.08332808903138239], [-0.031182030415176417, -0.14823887924907622, 0.1669603743639613, 0.06244401984136868, 0.003696186297860682, -0.14046240283659128, 0.06482299340753582, 0.15157715005054967, 0.36234438236795813, 0.6436214314795856]]),
     np.array([6.320400365197695, 5.280526657984282, 2.1113492496355044, 5.661010154444112, 5.487860826269208, 1.2845560980790565, 1.5790325300705843, 2.5617267050686037, 2.7731736261381257, 2.780751341825017])),
    (np.array([0.9679071121870978, 1.2126532947318887, 1.3085567946237022, 0.7739843923225161, 0.42078730321554997, 0.44510792155665335, 0.928939226898654, 0.9824128793648494, 0.3360891216373381, 1.6210378537646433]),
     np.array([[0.4551807869235822, -0.03118163075724787, 0.16104654993099624, -0.535548205933305, 0.516183204569153, 0.743740250874417, 0.24109846401932483, 0.04677206192258212, -0.049934651471269985, 0.02408839816708109], [0.8436954849659236, -0.6653626918217266, -0.2715406848252609, 0.0024229407128544475, 0.10819938092875347, 0.053936011601871336, 0.14046930377934602, 0.1255732731887392, 0.015483507833703699, 0.012588049017478743], [0.1287581955484164, -0.921054128784052, 0.7791711498694184, 0.04751499925769633, -0.12097653826316943, 0.2785487696891864, -0.05312202895685562, -0.021234410057786087, -0.15783463181367885, 0.04758462735694099], [-0.33210206106778956, 0.0009244213635429664, 1.215444132001916, -1.115955955848374, 0.2623810738504687, 0.07418193982950333, -0.09916622114405536, -0.10079411120887095, 0.20844251306810022, 0.03758102545763379], [1.1254242901028302, 0.24916112540226112, 0.19133153090540567, -0.25501211602588675, 0.5662747127045644, -0.007640174080001835, 0.07746155705745741, 0.014924593728964226, -0.13439530964706428, 0.010339712661722946], [-0.0029527464431802364, -0.10048324160688091, 0.9925089281178832, -0.8502756343121498, 0.10249212209957584, 0.28988729146806874, -0.07589182382378239, -0.057578649175433046, 0.04957476385620687, -0.03540144551707345], [0.08842013582741547, 0.012733725040556584, -0.08273943908475531, 0.0364239628066331, -0.051818929995848265, 0.5431628979188913, 0.011172536752013636, -0.05509983346034985, -0.22388891139984654, 0.022634404792741796], [-0.038469401548067564, -0.07661888542291193, 0.07009079087760495, -0.10562993294730377, 0.10808865718802968, -0.04371587778604772, -0.06704505078989811, 0.4895882354132568, 0.2931158178777788, 0.037088072492402945], [0.04038409042151906, 0.2259253346161762, 0.04497612271118362, 0.019474487775976095, -0.06134311978992309, 0.30273714145961034, 0.25935505233183975, 0.37021810394526566, -0.5090104362378132, 0.015320824734746887], [-0.0800382525830024, 0.06558806109345934, 0.04143213088678413, -0.38987433596543636, 0.3871779939238142, -0.08597558737037787, -0.0561973938558543, 0.02619435838755628, 0.5279228184833948, 0.6048424133755311]]),
     np.array([6.86931448935264, 3.514534276512794, 2.289958560880977, 5.8174610374304265, 5.428051614355563, 1.4759457815222903, 2.0513591594128155, 1.5509741383430842, 2.7373630793620616, 3.090215216237492])),
    (np.array([1.0079159624367227, 1.4032411382980308, 1.1319960004365153, 0.8683547298095041, 0.38982040200352425, 0.25095628030870853, 1.0693534449121171, 0.9302264379346203, 0.5067211311003771, 1.2585252688134885]),
     np.array([[0.31125249837345687, -0.20738484704692303, 0.23123161886087162, -0.5295941450479998, 0.4089181577687625, 0.11187624542351401, -0.08791309070551816, 0.046512293187016975, 0.052932966381140555, -0.018018396674615817], [1.158591783766797, -0.8187883641249413, -0.45222141646721653, -0.03517212847718148, -0.012245963427727668, -0.023835643001159718, -0.1572205095487002, -0.12958595870440795, 0.05718270626133128, 0.015544308751574335], [0.15836987032482294, -0.8782436055472025, 0.6379280545617774, 0.02678988273727778, -0.010152288016753728, 0.3268202150270548, 0.008363825683456342, 0.028190921481533328, 0.12095097501259855, -0.02981564279322954], [-0.40670640062469626, -0.004438412755460038, 0.7925310432042325, -0.8809021069174926, 0.209164163479387, 0.0774576512752751, 0.01874367860165513, 0.009806091791925379, -0.013805209173142447, -0.002602629342248872], [1.2955041632636677, 0.312076096870572, 0.09361041724759013, -0.2003771201878685, 0.7401870934986864, 0.23644247499031484, -0.1251060281240557, 0.05078812566355563, 0.1514400659159834, -0.0025140432044221802], [0.033121626133501926, -0.13362165354923716, 1.0489236831612483, -0.8115685826305395, 0.13065824943331047, 0.1347127603871963, 0.050379563082666896, 0.0239383119049855, -0.08707802503033565, 0.0122420318874675], [0.05813082681141113, -0.034580482123631254, 0.05650360075697376, -0.09782744184365817, 0.04699621741320893, 0.4627528737607849, -0.0617001876400837, -0.1227490059540767, -0.18562440388653148, 0.009039433083307777], [0.02997161543419972, -0.008613159730939547, 0.07024814033149782, -0.02449657803458075, -0.08276463536308981, -0.08315882557507755, 0.0679073819806276, 0.46948047648663044, 0.6005530579151888, -0.0049000508692953375], [-0.12570849883806787, -0.07403647450561132, -0.04323630816824887, -0.02860666240636363, 0.026027024533854755, 0.16599607138370093, 0.2827345631656911, 0.4013698980465007, -0.556834782969102, 0.04965106672514958], [0.008307260143153528, 0.06398550155246074, 0.028810140157901547, -0.030068806323806804, 0.005810441996656503, 0.16189416357828318, 0.03698106450169745, 0.007491646294352854, 0.3613606902864034, 0.5187979121994604]]),
     np.array([4.09736790513165, 6.62127211841393, 2.2745084953548216, 3.717256038726048, 5.799705119772005, 1.493356500644433, 2.6074641924146413, 1.860349658151945, 2.0985673023298395, 1.9601629349742686])),
    (np.array([0.9104795006414661, 1.2895007964098302, 1.172124262220507, 0.9315179702304599, 0.38188678558302475, 0.3278347874735515, 0.9681447426538915, 1.0846668915561464, 0.44057687756300623, 1.730458076781391]),
     np.array([[0.3750276689678902, 0.13138960902196234, 0.32371048027590543, -0.6124264186566521, 0.5347821056192332, 0.5722395121431341, -0.1279595644823085, -0.029059153960758352, -0.2709456607316463, 0.17633612000306081], [0.5580034757399158, -0.5043678539100178, -0.19576786483053896, 0.0870977565782074, 0.1314993427972875, 0.13446847234888692, 0.06450345737789935, -0.011241934043593907, -0.09013180399504182, 0.000680765732606896], [0.21568984440959638, -0.8733832282342082, 0.8039107902702577, 0.12061553144541798, 0.016051798615450266, 0.3556888081978216, -0.0028057155767813847, -0.004925792296067997, -0.029474527671115507, -0.04433177828753436], [-0.4520131165305731, 0.0010342334098079986, 1.0434286380051188, -1.2503764934291706, 0.058349325549051555, 0.10990886787363069, 0.13229487457888442, -0.11457296012484608, 0.0787666487329975, -0.11597745666711394], [1.1739932028120186, 0.26420745491673225, 0.17415078504577128, -0.2862524993217783, 0.9639321634581234, -0.07540198407624873, 0.13068624200820086, 0.07574944377388111, 0.14761702424012924, 0.1362349898550275], [0.02381810373681011, -0.13038610185375524, 0.9600157525766932, -0.7034811431462985, 0.08401957067030606, 0.31727293586568034, -0.0721468580955501, 0.014555903742219517, 0.04062662478832267, -0.02267186101203832], [0.01324344840710488, 0.16499734192743026, 0.041306855869651125, 0.19110802217380748, -0.12493109673139494, 0.5648432980702444, -0.09614624869010013, -0.26423314886813526, 0.03237232741582464, 0.022109596339687246], [-0.15883326612695847, 0.08330972668203436, 0.09796603055775549, -0.09248434244056963, -0.05972123522017888, -0.05466839131287372, 0.08909873064336253, 0.5080053975021609, 0.5184256061183226, -0.05528380278777559], [-0.08291953696305841, 0.08026989147769531, -0.013516573274530824, 0.023161401105739318, 0.008671042662959472, 0.2615516265348458, 0.22695241736017657, 0.46471941100043446, -0.5521598439715336, -0.003978880588912571], [-0.04895152631353665, -0.00974928004632493, 0.023174416351551003, -0.27344553078731754, 0.08944850502606407, 0.024769071815001896, -0.05506291579787136, 0.0583697403536569, 0.4558477738416359, 0.5950793856695912]]),
     np.array([4.397053103187678, 2.8498706295154483, 2.0623494835550575, 4.6196402406736095, 7.067013411896869, 1.6280633502098998, 3.276712540454117, 1.8590773754894565, 2.3825358145158098, 3.1580979540542304])),
    (np.array([1.07548002079926, 1.2134133298614382, 1.1660220613773622, 0.8523035421517791, 0.41997654689308034, 0.24458090626866552, 1.1291352514492898, 1.0386141477985114, 0.5555602099501585, 1.5015081287163337]),
     np.array([[0.510007290092574, -0.13595470127448223, 0.17169043596239347, -0.8206175290775374, 0.6377597499804444, 0.7928392491161708, 0.05526892284390841, -0.03530442873557382, 0.11052597606759426, -0.09713075582386523], [0.8806170246524652, -0.6079370083437557, -0.07878261517164652, -0.009494840339314168, -0.01402059866413073, -0.0061501552127032864, 0.016319812856056378, -0.04117124922104999, 0.061289263821748007, 0.08184208119011432], [0.1954302423968335, -0.8825900394229019, 0.6020758878771323, 0.022885628998077678, -0.11861616291846892, 0.33151620543667787, 0.00447694870245411, -0.005674267502776999, 0.10823437671894326, 0.048937066633140555], [-0.48452643144358365, 0.08335070832181332, 1.1452788801092935, -1.2627042620609672, 0.1254524305657507, 0.31857708859819683, -0.19643528913390176, -0.004466634532977031, -0.002596069034668645, 0.03630146057989005], [1.1036298916845415, 0.20210420043240165, 0.11098859885371666, -0.2122514110384541, 0.4582647256610595, 0.11828860603615518, -0.030081354118398063, -0.026886400396514416, 0.02587717777072028, 0.039439576109673496], [0.044434464595750726, -0.15089524375006128, 1.0704252650431363, -0.8117077242912336, 0.09186100125580042, 0.22926692103071358, -0.025955575586367043, 0.03614508833172855, -0.004344041753732609, 0.012046136351056367], [0.05339498611065681, -0.01301029857945423, -0.07041842618577102, 0.13303994023006746, -0.13455219777137675, 0.5323218188356241, -0.2791166612950253, -0.234978084603048, -0.08803789846447291, 0.01501379329957178], [0.036992067651965145, 0.0703393413429827, 0.119200851531636, 0.07871808045235507, -0.14209823017931406, 0.03657724509268281, -0.04988082414979667, 0.5896725357489643, 0.724349697286673, 0.006484925945039951], [-0.04001201953711994, -0.11748018007823835, 0.03784091121060786, 0.022060446116149292, -0.07019151480455228, 0.24815661539519732, 0.2177885101390169, 0.5082064417170477, -0.5647783219175173, -0.025506688055932248], [0.09133896192006209, -0.04355486615136837, -0.15381189009674992, 0.044194453422656176, -0.0034458399118474175, 0.07019833230405619, -0.24824055440215181, -0.09429412833300979, 0.6877482232649543, 0.7852201014198572]]),
     np.array([5.155241238875409, 4.557677135159437, 2.1104261854490725, 5.69386805351699, 4.429996107604098, 1.4286167471054854, 2.631605485216383, 3.088540226230332, 2.7029579064861826, 2.537479928152915])),
    (np.array([0.8948400067037994, 1.280366044528563, 1.15884433755788, 0.8550249784568454, 0.4109909466948677, 0.5731073197885627, 1.0371900877431226, 0.9490225053228775, 0.4317246999300554, 1.2529612717913878]),
     np.array([[0.6587282797072842, 0.03885158078913158, 0.39948215862772296, -0.9232778484011124, 0.6162876017594084, 0.5286594180564963, 0.14935340287546284, 0.17927360535921932, -0.28040531295355536, 0.07440187365343379], [0.7617794243762994, -0.6010578638528677, -0.08598830261826167, -0.03376649802353169, 0.1995284331527164, 0.15926294228798116, -0.04384852448117164, -0.014625470164143433, 0.28805523378160863, 0.0068799167037583925], [0.21681638333942407, -0.9383976652513334, 0.696576576743627, 0.17428174851485295, -0.0393795387148845, 0.3897640364024379, -0.009146316114528777, 0.013754557043198607, -0.02243424570925757, -0.040705055671646256], [-0.466199428486674, -0.12223827668056815, 1.184477151043485, -1.285896431103806, 0.34888330549950014, 0.04789641073991767, -0.03635549547928269, 0.04078592303507336, -0.14656046477655102, -0.00377351143446396], [1.1844133015157643, 0.22442114070503838, 0.08040438349042764, -0.26092343328442025, 0.7126168891481567, 0.02244620476159932, 0.11324337580789644, 0.01575586406322934, -0.028933366392453915, -0.010999603922956205], [-0.04858343683872259, -0.14189982454033298, 0.9844028270127861, -0.8042487975478247, 0.06892392102216913, 0.08084480358302933, -0.03503594901929403, -0.02316463452603354, -0.02670635233844562, -0.021043012347308], [-0.02966370593312066, 0.026691176131276112, -0.04066149552816551, 0.060777556095976334, -0.03510904053177746, 0.5396055426482644, -0.11345951409900079, -0.20828764489500318, -0.07302256225473562, 0.052220237797750015], [-0.12819814427477016, 0.013490067095942342, -0.14866196724313327, 0.1931103116443919, 0.07597156941352672, 0.08693430260856018, -0.050953699197155526, 0.4109914708170595, 0.5216567477422425, 0.009932594121184721], [-0.0848401418434295, 0.09382077726301959, -0.053586750738378555, -0.0015377429614102096, 0.1550563927088932, 0.14207454761093186, 0.23601459626890453, 0.33327283255265144, -0.587345044903011, 0.005243978905677832], [0.26073827193630095, 0.09082118593808913, 0.0016125916313179472, 0.036681145785579926, 0.004724350804512958, 0.011924022238705303, 0.0739227878199997, -0.04509017944963491, 0.4708488486616146, 0.7114665621316905]]),
     np.array([5.7113045337780095, 4.240037364273996, 2.2490487802185757, 6.438022598518219, 5.313875086410739, 1.2332401609522563, 3.227021879364412, 1.7566852939884052, 2.0206241265800284, 2.619526964761024])),
    (np.array([0.968258833774975, 1.1648249737594671, 1.0645609906989089, 0.8162313432207724, 0.5187564025809714, 0.205623345473024, 1.0773788033036698, 1.1165619999542782, 0.504135201825251, 1.499586150511796]),
     np.array([[0.6740226350548609, -0.05907085838861215, 0.3154106674800654, -0.8259295033902146, 0.5563065002211227, 0.5944906135183006, 0.2490293354002772, -0.060721261682918616, 0.0761230025120531, -0.10124900827334198], [0.7200882947267097, -0.4826305163110953, -0.27903800791863975, 0.19545186981864424, 0.09011856649894759, 0.1163751776141277, 0.11877286557741171, -0.009461918977273817, 0.3606524420182311, -0.024767197019239368], [0.24126212141595174, -0.9951665097397376, 0.7158607945717063, 0.22583111854333665, -0.10902429929872265, 0.3928876916874635, -0.0019703075200802733, 0.11363257700254582, -0.06049302563077153, 0.01293971766253415], [-0.41675998707956097, 0.021883594693966477, 0.9881099471908518, -1.1821856218898854, 0.247006755331766, 0.1807023935565942, 0.01852550218203958, -0.029295079824456345, -0.041166947855403986, 0.035239271065942705], [1.2767104838358003, 0.2747038658870278, -0.023388790603852846, -0.3218791379987067, 0.7743087465612577, 0.10688454404852503, 0.16720982869652798, -0.06656962212269969, -0.02839147237786571, 0.00886915577344856], [-0.0040363594045077795, -0.04012142417064934, 0.9245441493684566, -0.8434779864697989, 0.13618906216409313, 0.2419113435640077, -0.021551987731740132, 0.009527636166935005, -0.04842903311996976, 0.05485362162688011], [-0.1719961992173274, 0.06563585076049426, 0.15066144160211734, -0.07533024142293492, 0.06056189573900891, 0.6227122632114844, -0.0935510950456964, -0.25235604118061733, -0.24341200537948054, 0.0013764210801882968], [0.047442923816268336, -0.141222296379325, 0.01574476540444411, -0.008887356427572867, 0.09742782631042367, -0.030137935875460764, 0.01288595684009641, 0.4033260313731509, 0.5510012596496402, -0.024750965379716532], [0.02260993398005562, -0.11651590066209071, -0.023866353692029513, -0.04444427895173441, 0.06165887719065017, 0.27639073577028916, 0.21019498598783734, 0.4158226214386978, -0.45396213857340223, -0.03380434081993503], [-0.005869650455257513, 0.08707522367704579, 0.12468023433692166, -0.10107093430361833, 0.043230372063872334, -0.09826383314931054, 0.055724965391538345, -0.0850486207887528, 0.23440856140624172, 0.6245584866057017]]),
     np.array([6.418142759990049, 3.4190758847353844, 2.5397711743524343, 4.75217848382556, 7.01021133097733, 1.3953758848625257, 2.720206262280066, 1.8631207620924928, 2.5112048976759436, 2.324686356466043])),
    (np.array([0.9363044662350185, 1.1754238866686733, 1.4272060965218902, 0.8056166388721377, 0.4219480650802034, 0.3696880646613816, 0.9905661807375455, 0.9141546047333821, 0.4674050680693924, 1.558568031347479]),
     np.array([[0.3495838991865599, 0.004333754505261118, 0.24466841669182823, -0.8828518623132653, 0.5241573812243249, 0.5542962928631944, 0.19193721895305935, 0.017728732947958927, 0.030242710348378467, -0.030543473637671643], [0.8202568762651242, -0.5652811217518394, -0.2572543716867688, 0.06646577862599692, 0.1468811814976735, 0.037901818653117515, 0.10417818499392109, -0.0064216598488505815, 0.32186114542692557, 0.09180822862136448], [0.12306614719200173, -0.8775101911269099, 0.732617506313666, -0.11501722666189398, -0.12670163435640724, 0.23369480158173117, 0.08631544599984396, -0.0853637485201271, -0.05664275197376658, -0.058509523799013224], [-0.45414579987065035, 0.05722947874296154, 0.9305174986069358, -0.9810828888878114, 0.15351902665898087, 0.11587640456796072, 0.19000948167637025, -0.00036528937883133634, 0.10973346726243974, 0.013937999105440685], [0.9664439032479939, 0.28912604481535403, 0.16967258940328087, -0.16060886821317114, 0.515826833000239, 0.17628464705076505, 0.08777302943575989, -0.0601510421518275, -0.175875283448959, -0.06263656693655294], [-0.018990809413408267, -0.14230717252942965, 1.0773130177108667, -0.9266414172427379, 0.10377030913415829, 0.10759076953840051, 0.01671736374263799, 0.02696519546586294, 0.06655952849737849, -0.03437081627079374], [-0.02929952368216324, 0.024997045034143576, 0.09297232712822333, -0.00788057631173591, 0.03076319339001605, 0.45161769205822133, -0.03783382076233985, -0.137849705874638, -0.1752959715103328, 0.03151909430025697], [0.015337949827841429, 0.0074330592391857655, 0.031244161658800104, 0.010251441827327151, 0.05802223416591117, 0.01882003403816344, -0.06508177411793209, 0.6211363212493701, 0.5248234752405895, 0.0005749181268868005], [0.005417937863967462, -0.10056036818630805, -0.07311748404329917, 0.05263101025842009, -0.07753811752349965, 0.2945076303127188, 0.3796259470290519, 0.4152010952910982, -0.5067355780569425, 0.037777749072073465], [0.18113393311145765, 0.022941392302117333, -0.011547591091801876, -0.2950317213493853, -0.04784193502773709, -0.040198088632020006, 0.21059280837899627, 0.04161940038419184, 0.21085188153312365, 0.6486595887016771]]),
     np.array([5.009353120008497, 4.276247444133148, 2.0382322407699, 4.822155034524164, 4.467821130734629, 1.349300921515791, 2.1367925053208623, 2.163613500411899, 3.028857582143712, 2.93674528164232])),
    (np.array([1.0961930216358018, 1.3257624028773485, 1.2291827139662206, 0.869615044827385, 0.39973182687969294, 0.33437407822162935, 1.2158954940574722, 0.8387890180851116, 0.3139280857230561, 1.588177341861799]),
     np.array([[0.3845634832568873, -0.09343275354196436, 0.3249374666298318, -0.9609347990262269, 0.47630508218688977, 0.6611628517400822, -0.049605474556830675, 0.09443154721539698, -0.036623741569416196, -0.10283230271920137], [0.9178224984038666, -0.5218763835171013, -0.12268080504134567, 0.17914127907746538, 0.29439237467113094, -0.11158541310384261, 0.14242144122080974, -0.08557899345319908, -0.07016483617396067, -0.13698184847835074], [0.19894490420921462, -0.884810671089324, 0.7136580972245603, 0.14677993742283654, -0.24300526395722338, 0.252783085947867, -0.05825229225098166, 0.014883738483751805, 0.10547301177586337, -0.020802504958192837], [-0.41482816020988417, -0.08103374519295066, 0.7859161166795048, -1.0119287915899886, 0.08640945101443964, 0.2991835580528802, -0.05177350650620566, 0.10374079984530395, 0.04280523010819509, -0.00960785895775645], [1.2021527053603536, 0.28236591788591864, 0.054585918165554054, -0.21388843604897897, 0.7444804211536554, 0.3679876700204135, 0.08239671227083796, 0.007868054584303088, -0.12005138275879061, 0.006403639962932561], [-0.04139185036615425, -0.1054843448688013, 1.1261706296508518, -0.8669633890496604, 0.1159678487130504, 0.31215346148736606, 0.05471950593727905, -0.027022745088781986, 0.03952682018437609, -0.04351826018573639], [-0.029831486877494113, -0.030264603424607524, 0.05576182606308923, -0.14768022952517804, 0.08045129206927797, 0.33244227092568956, -0.12137285395155177, -0.15678160737395744, -0.12067195894458824, -0.02032598481778881], [-0.02501499394688335, -0.05053327344837826, 0.01581334977346948, 0.055579169034480236, 0.03246663277842014, -0.015952951592850352, 0.10034105358812899, 0.4438152208829264, 0.348400926154718, -0.00046775852621520604], [-0.03635447169815156, -0.013008839734435734, 0.08635962469626648, -0.018120177665660972, 0.005598178775914854, 0.20606264432856922, 0.3351875472673571, 0.4476859545624782, -0.522235266484734, 0.02169966765165603], [-0.08491689251517938, -0.024435852512816728, 0.017480201786097476, -0.16156553561324122, -0.023077181581281664, -0.04693413343281467, 0.08503553472525688, -0.03217236889457223, 0.41341720130275433, 0.4755902122269244]]),
     np.array([3.9700985993085682, 5.310419816617497, 2.117111277709933, 3.664421012029527, 6.165776719864068, 1.6367055740926748, 1.6493000512269214, 1.4079467640333285, 2.588094116515457, 1.8475607561163052])),
    (np.array([0.9592315831146434, 1.0769981752291857, 1.2906217252685055, 0.7738865435789588, 0.3889786914462915, 0.3049438439134277, 1.1595920784340679, 1.0903818413501305, 0.4708896365237763, 1.4934966142204054]),
     np.array([[0.48198292060783393, 0.042150722030659164, 0.25656081812085874, -0.8985296372490905, 0.5085679786664868, 0.836970828921578, 0.03201974074893127, -0.020471142477690604, -0.09920097228463491, 0.06936117718837657], [1.2641003666444581, -0.8395896407451662, -0.3664456924939064, 0.21143728769572676, 0.4201908878215469, 0.4797680895362251, 0.10569477088140204, -0.016781995155681944, 0.03734670131602636, 0.09038901602511634], [0.17845114343623159, -0.9114100935817012, 0.6496942559535972, -0.10697014111289323, -0.12925449778329134, 0.37993669300251387, 0.03284515351756105, -0.07954996489097373, 0.1392726477147295, 0.016596473216544796], [-0.4470371831038638, 0.11252006494827423, 0.7293496830307192, -0.8302482186792568, 0.3410034556059066, 0.12253287384159674, -0.0038033108782718973, 0.05677254188703676, -0.05009106165806617, -0.048337571395079305], [1.142822411983828, 0.285958864580864, -0.03516008844594722, 0.015724177317812407, 0.7345022522608075, 0.1906914219773785, -0.08447701191989836, -0.07921780507699415, -0.05509980905026579, 0.053121601942454556], [0.04289308569172511, -0.1482237398228263, 1.0649191056517382, -0.8463443821216386, 0.07690857580586498, 0.07083442688822672, -0.0019579853005433786, -0.05205316481927694, 0.16727705586409544, -0.011735854476964963], [-0.0638559013014393, -0.10481102850454475, 0.05578882442117411, -0.018874692662114428, 0.04439783183180001, 0.6103809415685865, -0.09623905107485896, -0.23962328131784624, -0.3173940880947272, 0.03567483728348521], [0.030358888124972144, -0.047389962411308856, -0.14122703317926474, -0.06983824775515185, -0.029472078231614116, 0.12446866116033377, 0.10649127104148126, 0.5298380158540806, 0.6396252051571086, -0.009313163552854956], [-0.12348468299888722, 0.23649537258756287, 0.06769130407219762, -0.08830887415264735, 0.04230732754162845, 0.23702368565865806, 0.4189499855431124, 0.47957851338465085, -0.5708004738043342, -0.12540399793286688], [0.02118510047583658, -0.015779123695463637, 0.15615217644617582, -0.12908168468536876, 0.10817279253757316, -0.21605697733994988, -0.09703439177539268, -0.06288627768838513, 0.737945484162876, 0.7537177471117538]]),
     np.array([6.799928149543134, 7.682353579957657, 2.0678077426028056, 4.303380552339566, 5.023735542267815, 1.1895615769681116, 3.3100786935894004, 2.4515998526194185, 3.1842813353578165, 2.65919585607117])),
    (np.array([0.9703172835121805, 1.2605195915425456, 1.096813106793433, 0.8560153735748673, 0.3876497952813158, 0.28698679075965877, 1.1159686625822194, 0.6613138086033197, 0.46956625171077365, 1.4294363690824035]),
     np.array([[0.9284601103144601, 0.13224126321303184, 0.29398371946028107, -1.0334773540420186, 0.5053785941548474, 1.021278311350947, -0.1045898864526324, 0.020010929299007104, -0.1459923493038906, 0.1251107121346116], [0.8167310664007835, -0.7673973467232137, 0.08488039756024215, -0.1472100188880155, 0.5408655218486614, -0.22901814443998603, -0.09346156624987288, 0.064476447468032, -0.10214865707973322, 0.05416430064083245], [0.23016293514402283, -0.8888532054962576, 0.6434595592411898, 0.07468981231043192, -0.007540978157073676, 0.37355729407221744, -0.05208491007332711, 0.051246692222779805, -0.07055497308964273, 0.01609474206106872], [-0.5065810887018173, -0.15899462712306525, 1.3469512179338194, -1.0891603671865295, 0.18299143657435532, 0.17315016260334234, -0.0639898409431816, -0.06802405594781712, -0.11114203212247441, 0.08847397745780188], [0.9822630598957484, 0.16677911461807846, 0.13733468017711392, -0.3133101231807795, 0.58228253505457, 0.07134480619250468, 0.021374947473352744, 0.046225399070749365, 0.18282536024532722, -0.07013944920726792], [0.0078209109607874, -0.10018059599965025, 1.0017768255308004, -0.8899367484764467, 0.12324689315999, 0.14351646968388035, 0.001607243753706509, 0.028947445075038956, -0.02603486754101061, 0.024474534231130236], [-0.062114752108563445, 0.06459017378966418, -0.0009535038832448944, -0.12443392340424293, 0.1439484394587835, 0.5938997229348132, -0.18346082977128766, -0.16282134305204257, -0.17865023548611944, 0.017400289025959036], [-0.0015076763090783247, 0.0018578166318921215, 0.05017318174343668, 0.017302069661874746, -0.05422395374271208, 0.03272865891753051, 0.044571285899076586, 0.3560235746496257, 0.40260664533733437, 0.004648379749050847], [0.006860166858313325, -0.05841217213985904, -0.0602102758909636, -0.0149144315284529, 0.08311179007533767, 0.34726097220569674, 0.3073868537775435, 0.40297968351727803, -0.58005629682566, 0.06560523393964793], [-0.07970664640105864, -0.09668049794296069, 0.17124355709276656, -0.18320364915958806, 0.051381733186620246, -0.02044374426093857, -0.014579456290541783, 0.06856002404156929, 0.49228238714375216, 0.6356847049943373]]),
     np.array([7.389242942611048, 5.269222541994142, 2.067010505129204, 6.898780294797042, 4.628919985271862, 1.3271255290075643, 3.7699669689033177, 1.0752554004959831, 2.7456360084319136, 2.1880731392310486])),
    (np.array([0.8179067246255894, 1.178951565611445, 1.2030923708987225, 0.8799973141514391, 0.45022164695267813, 0.3005821393058699, 1.1375238764992077, 0.8029262134869086, 0.47615348989071743, 1.7942053569760603]),
     np.array([[0.5316040899112587, 0.019489848928186664, 0.3200362244896865, -0.8124006684762026, 0.5124916072430341, 0.3903004551416602, 0.2478212985873576, -0.03308196102059325, 0.009971270344809676, 0.14071502056942883], [0.7472775513434468, -0.7177894821208646, -0.07932024789696047, -0.02667883807780742, 0.35726806162849173, -0.030514261808546897, -0.04403731496770958, 0.09910272191581483, 0.23368428405426536, 0.06276376279178636], [0.2054865512729842, -0.8665223231984631, 0.7377366644843362, 0.09120978642110236, -0.0998633520723334, 0.30681004312238763, -0.003072935867552717, -0.023532693289242818, -0.12984661571723866, 0.02237628926016358], [-0.40152331685551573, -0.08257615574760697, 1.12588044770773, -1.0951574786124703, 0.06922247599414914, -0.07600931936541562, -0.10085643853483567, -0.07390464193292591, 0.21754153891464473, 0.0587862980763143], [1.3746986537093062, 0.239414060735263, 0.023808528405505278, -0.32461445413544954, 0.7510941413248664, 0.141268035525852, 0.07770687750530025, 0.024147364072643052, 0.009988437782454673, 0.025677650491913385], [0.0304270772346322, -0.059719635904920486, 0.9816606779056772, -0.7527663963250677, 0.07430957749950902, 0.17800364234536276, -0.029907497948765672, -0.022134483331112693, -0.02782676092720416, 0.019698420812058665], [0.05991278006697852, -0.06289958652925948, 0.006422718442117863, 0.06537966438770793, -0.0025551819678625767, 0.3812702275388465, -0.05503795410293806, -0.2470769312301659, 0.03108695625108589, -0.07918360519124003], [0.1051308552138085, 0.17162658130454664, -0.0475186207007252, -0.010934738449770361, 0.05037144881429943, 0.016957413283617467, 0.21175117034509774, 0.6950283345826147, 0.6894737855402203, 0.0957006804425327], [0.026606275600088814, -0.0010874951622732096, 0.0029836570552108244, 0.00254819527775304, 0.11461731566871602, 0.22307695163130412, 0.32478823746153324, 0.43036716686209053, -0.5888556726641136, -0.023421740674042377], [0.09357848635054913, -0.030610572278610058, -0.08450019776010555, 0.06349305662382741, -0.22560707639789593, 0.06494028227771595, 0.14742934039480438, -0.037180441178530206, 0.19028942477471572, 0.5011408726413461]]),
     np.array([4.010871521842776, 3.4867250517054056, 2.4112517465676078, 4.924431939534263, 7.782393863227268, 1.4701106497615146, 2.212750253252842, 2.766034893437786, 2.6029800637635496, 3.836507566877583])),
    (np.array([1.0321483011421757, 1.39798218030663, 1.3882613344821813, 0.8775575314771432, 0.4194668657100215, 0.23788990161303247, 1.0381632444666549, 1.1913077972129316, 0.511421254122626, 1.5477781571199394]),
     np.array([[0.2518347511643646, 0.18085377511416187, 0.31348619555176743, -0.9618563342781588, 0.6590675103786586, 0.7990164908043843, -0.035769734955132935, -0.012693927584597354, -0.07332729524626046, -0.0046213386079927005], [0.9864026332453146, -0.7214256884130212, -0.1597363944812643, 0.09660535742860527, -0.0452778515665424, 0.012815652945837823, -0.043714392473382845, -0.07296716030956515, 0.16846197942360733, -0.10412849135080977], [0.1493145719851391, -0.9611585710032422, 0.79996999104575, -0.06181580235735386, -0.1948449705259917, 0.20964044613484645, 0.037705340605300876, -0.05383791515343959, 0.010664230005780748, 0.005663230986929085], [-0.3545318060624336, 0.0008065558418902022, 1.0950874745270558, -0.9840435245083746, 0.11324650434081106, 0.037203608589483, -0.08722933239803772, 0.011173038193943245, -0.4335679455808281, 0.08626416701603129], [1.328187339947499, 0.2963144192511524, -0.15712726422846085, -0.1987586910951103, 0.7779608882989959, 0.09293317973508196, 0.12454234615951637, -0.03457137280941429, -0.02075887056290142, 0.07181505884994765], [0.028986151437259928, -0.1652559700299212, 1.0793490290732533, -0.8238738773501492, 0.15792083747288924, 0.2369650713865927, 0.01572170482284936, 0.042382260809829944, -0.07286633583114195, 0.02614191028698581], [0.022475754981928005, -0.03853500044523678, 0.05409757916382794, 0.10784697715920148, -0.02317101981694716, 0.5346405013601017, -0.05543455948139375, -0.2590871027069932, -0.1644601132302006, -0.017799763439893184], [-0.1135285486189075, -0.04902634035132552, 0.11292908391500267, -0.22942333502679252, 0.009461203936551685, -0.13301567619641957, 0.11242847065751986, 0.4374525585952999, 0.6854257567288667, -0.02361947789794256], [0.039775793259812786, -0.05192824478699831, -0.06851971409774664, -0.010561903139293683, 0.06601642068861328, 0.2806427675269826, 0.2920977538054468, 0.5241733285692101, -0.8363491683232863, 0.05829316349323513], [0.06387477999990757, -0.048390669460194276, 0.042603087447332245, -0.05241813886774003, -0.023188726904418935, 0.13898859109220235, -0.11834578880307964, -0.02940426069468749, 0.37207382603399497, 0.3895643993594567]]),
     np.array([7.221876012158975, 4.91108633953693, 2.0567061024494615, 4.950467628877284, 5.179770053668383, 1.51751255107642, 3.1454579270427523, 2.203198498039751, 2.697058070978655, 1.7700041494497796])),
    (np.array([0.9750923436114917, 1.471595903848908, 1.230744348952605, 0.8413277033502023, 0.4152780220695747, 0.34370585152374095, 1.1068145641393394, 0.9121610645381775, 0.4282184875972385, 1.4826655266177617]),
     np.array([[0.9627699962834458, -0.12996517449757544, 0.19591505735930786, -0.8337382554505998, 0.6042609904588258, 1.22125379562453, 0.1363776463739985, 0.07725269061737033, 0.012864222114053822, 0.012551985111555565], [0.6591639530081187, -0.6383399203362681, -0.21009068035844522, 0.004760646061961083, 0.1512510168572885, 0.07467986525145394, -0.11376892594865687, -0.13073350314714977, 0.27295904061232923, -0.018867760256347926], [0.15627632720320747, -0.991846474464512, 0.6689826512859388, 0.12387521809843416, -0.0855784692768666, 0.2519608046097053, 0.00650326690658505, 0.027009971379089035, -0.028081670982066955, 0.005058790838579869], [-0.5310875109793514, -0.040530779738245835, 1.0864145542226182, -1.1164026886600964, 0.09590063335657771, 0.18286371741282903, 0.2643126847102236, -0.03363201973574982, -0.08633240610875786, 0.03352154648350726], [0.8684339469676908, 0.24715322716347227, 0.10955175536031768, -0.22156013616534387, 0.4850016978167847, 0.20535980453919214, -0.09260149920322162, -0.059207501405327885, 0.02960423634369371, -0.019259635855724953], [0.050288289090775894, -0.09909978763924475, 1.047590616540287, -0.8413817611230148, 0.029091509503894983, 0.11754555570679547, 0.04225786536328531, -0.00044759425794170375, 0.02484565687876991, -0.008992867348003442], [0.12553167606586352, 0.009608526429623737, 0.009167845708306314, 0.07482814136493729, -0.06302398149928604, 0.4138460318486464, -0.043514639704863405, -0.23024219564921106, 0.07475341294849953, -0.07743732232789143], [-0.03226621744959044, 0.09909029692058843, 0.028082211528840235, 0.11601422278689265, -0.04744307678782508, -0.04968225398121462, -0.016854934462038836, 0.4730478874220493, 0.6515539825439534, -0.03819699765682313], [1.0019110922741122e-05, -0.018471818218692707, -0.012475825658814303, 0.05868797697881888, -0.09474597237322398, 0.3590125854616434, 0.34449110364020397, 0.5373924281716184, -0.5935928029197267, 0.06826448462024644], [-0.07449020901688336, 0.08126318996836933, -0.04089593240677865, 0.05449379862097895, 0.040089792614240276, -0.1919010724737807, 0.1637279620910114, -0.04033387514524774, 0.08697133403675733, 0.5574162201876715]]),
     np.array([10.36203020656652, 3.2739688784707077, 2.391391850582956, 5.122242460923686, 4.055622184696749, 1.39157484646002, 2.4768849194850624, 1.9764050286603376, 3.4922023243923297, 1.9130829362712836])),
    (np.array([0.9624083003333054, 1.402806454488547, 1.2615890967283065, 0.9384185217724702, 0.36583798615262453, 0.3367183063316681, 1.0832814724509034, 0.9155737848163971, 0.4412151371299041, 1.3093339731118765]),
     np.array([[0.6656151986314701, -0.047014359311690956, 0.1364656950771796, -0.8193499701861999, 0.3338877682689199, 1.0760067542184366, 0.2085749478993493, 0.1441784794215101, -0.059987390026079376, -0.1142479736461805], [0.8558550196321131, -0.7230176400839263, -0.06811687221952577, 0.03021192383947623, 0.15633031114056095, -0.1299804990291366, -0.016153589418667322, -0.003918736216666777, -0.07262561574031504, -0.04686586083687338], [0.23828302429269513, -0.9731971107571497, 0.6494387357738489, 0.10695671813063452, -0.08051313260327025, 0.4013684725785528, 0.012125581262597263, 0.0077789771299733015, -0.11635637709786917, -0.010136756553331102], [-0.4727123091848575, -0.0356526934593692, 0.6971145849450187, -1.0617192765715295, 0.20575750121364855, 0.21487480045501015, -0.001480362126005104, -0.07128395485174031, 0.13036007084695006, 0.02929886206202218], [1.1308010388125391, 0.17954894243534353, 0.22825736931187945, -0.2936660418183901, 0.8907700611676297, 0.07310463622262214, 0.13178516434979634, 0.007882512818928558, 0.043192421305919895, 0.09271633570491278], [-0.029954475237612604, -0.027446629353436443, 1.027267252800951, -0.7892560328010937, 0.0797029780927643, 0.15923590733010679, -0.05773704862416669, -0.05506991699934541, 0.011748862881305059, -0.023810357913588622], [-0.0973132490710396, -0.06287517398280691, 0.009186337241031546, 0.03871579608902905, 0.00523585263105839, 0.8836454165660941, -0.16000857076423455, -0.3919954587367042, -0.30068820995077983, 0.23060066032732449], [0.01898499209166898, 0.037538387800509346, 0.04211004170268204, -0.050867875782299905, -0.09144854277007844, 0.083923090784238, -0.042370879055474674, 0.1957611445735442, 0.22405251031445067, 0.042176389739381405], [-0.016357763870157284, -0.15322549005393166, 0.02378989441857256, 0.0858681922295881, 0.084782060841398, 0.12076675828148904, 0.30388792270580184, 0.4446504430769942, -0.582138178767324, 0.03646750022857226], [-0.02418472658886227, 0.00795519694021595, -0.001274932324151358, 0.22796361090034517, 0.030415776528890017, -0.02576379786708454, 0.13031157718085157, 0.11992098038738891, 0.21671565638510182, 0.49324609879170456]]),
     np.array([7.648799999991095, 3.6076452557274767, 2.159039761666349, 3.7118380832496842, 5.760514100577971, 1.360900672837494, 4.452232741089677, 0.9784644811365804, 2.4470217182751233, 2.2639365218908862])),
    (np.array([0.9091490767763818, 1.3680127588444422, 1.260718945870773, 0.6922178783772513, 0.44294743014232285, 0.28708747799804774, 1.0827806376689346, 1.1498697783352871, 0.3900874706355382, 1.3511001814362709]),
     np.array([[0.5149274847066792, 0.011500711858967966, 0.2628169244923718, -0.6595691719846878, 0.470399356132211, 0.7886519532753661, 0.012695145889826176, -0.025157481318067706, 0.013250070397965365, 0.06800424923420041], [1.2199174042180525, -0.6985339852134077, -0.2973112746832682, -0.10482860420093713, 0.18885591228844179, 0.040972915399453066, -0.16253441027463686, -0.10605581313069182, -0.002924156669580181, 0.06808443777393308], [0.1844541256870082, -0.9500896261556748, 0.6051781885109868, 0.13584645240036058, -0.10867252017854549, 0.34028487897845683, -0.004761602862206882, -0.05434833230465114, -0.042677604366909885, 0.04767286541941446], [-0.17638939062795903, 0.07043577069631335, 1.0414319012835467, -0.7824067508136398, -0.0014209587968566464, 0.07778930587497754, -0.05852985503087702, -0.033199093435456885, -0.035960820820373926, 0.11119843003346944], [1.1466862929014119, 0.47799980487854643, 0.13613602544414408, -0.34432276617196594, 1.0557012700819508, 0.08455307989472767, 0.10870972097774774, -0.11452180501865315, -0.052631336305833845, -0.0030236997561048536], [-0.0015146378076527586, -0.12273895327941456, 0.9200740266656795, -0.7161195195079078, 0.1362792580721649, 0.19927277834943447, -0.011846622755799766, -0.004110932799769862, -0.03567824933631681, 0.03339122868762708], [0.04573364064457365, 0.03294467076466504, 0.17940686844058637, -0.12981723224948966, -0.01756284325385373, 0.4220250521252848, -0.04593781039814756, -0.199008275163959, -0.207703982650611, 0.01443139659126122], [-0.12094135746416002, -0.10602699402928183, 0.1011770161199027, -0.23597603968642972, 0.01827842113500133, -0.022137051428503533, 0.022547406138307018, 0.5208230954913955, 0.6086127987364164, 0.07112609170588075], [-0.022222188892942717, 0.02494130611101576, 0.005413292509001994, 0.09803138863902325, -0.05777481913103144, 0.3086765034160888, 0.20860289323575656, 0.4956275753101491, -0.6228531014167482, 0.04362367333600625], [0.00837777842184125, 0.0384225207228275, -0.06595112725706213, 0.03930955810309961, -0.04079571930358498, -0.09280982879710807, -0.01994611624952527, 0.0660561484056324, 0.3321574606945862, 0.5147410091885097]]),
     np.array([5.795447346662389, 5.467411925484904, 2.155014286881818, 4.864972621833027, 6.576918209067671, 1.3181498409875276, 2.6590378266588033, 2.221319741060437, 2.6004658921778834, 1.7533617428990245])),
    (np.array([1.130490387127911, 1.3314816510689147, 1.1894167868887344, 0.716662567244077, 0.38987307870479304, 0.19220254282527297, 1.049573371773068, 1.3114112629433254, 0.4133833240947994, 1.551770523443646]),
     np.array([[0.22494516158937777, -0.035823353091445416, 0.029589212242795076, -0.9201808152442581, 0.491368373418464, 0.731265247276395, -0.26785371911158373, 0.06398083097329377, 0.20469090378772642, 0.05579416993548095], [0.9858145251100022, -0.7598746928470245, -0.4179509360118424, 0.23428899151279328, 0.23200721520527218, 0.142259442514204, 0.10729561700661362, 0.022847653404345723, 0.1400475353517928, -0.03667930838059423], [0.0945179610666858, -0.9923170405327211, 0.8098602514780732, 0.13266961181534337, -0.04065597686060081, 0.6024430776075317, -0.013972760509569523, -0.03998341246618536, 0.04683392097044313, -0.052024328984189974], [-0.5107862778416731, -0.04350668700777638, 1.1006400225884576, -1.104733718412375, 0.28278088615777736, 0.26997243129186893, 0.07121485936658607, 0.1993379365161975, -0.20580087695873203, 0.07162676126230919], [1.2994554056324867, 0.15902777088607298, 0.16349838834553446, -0.24369815260768093, 0.8790222319075431, 0.17465995464195158, -0.03566161178282475, 0.12006938070606098, -0.16983697606434037, 0.11626216517516122], [0.016794615713914714, -0.07599850458701783, 1.0768869120035276, -0.9280972382763725, 0.1353395894915395, 0.24283000880585331, -0.023678962104353246, 0.005876488228363728, -0.04979045269710897, 0.03903653913799635], [-0.03574658562658049, 0.08870011986744351, 0.0001565477068432298, 0.16891464858552727, 0.010891597639552091, 0.4142489010795363, -0.16720330358121616, -0.24799225579529183, -0.17638261089697416, 0.03622489403513531], [-0.06785744864102436, -0.07019757765585162, -0.18389144114192407, -0.029631426192800233, -0.16032938669435265, 0.08189519124108122, -0.041800858338989805, 0.6148322079840626, 0.5496115260491491, -0.005159084335834559], [-0.057319170215360864, 0.010105914912044432, 0.0415855202696075, -0.08178246617245119, 0.055156816245825004, 0.14861171481978894, 0.2574898885961382, 0.3036121932648075, -0.44408120215862185, 0.04861702407838559], [-0.02901465542854399, 0.013334034793447544, 0.14148744228278198, -0.20883812510602917, 0.0994383550322268, -0.02610092577730919, -0.003259561681046708, -0.1286867974722043, 0.43024133358846656, 0.5485895032154953]]),
     np.array([5.680262334994048, 4.844056651536525, 2.5047987155624556, 5.17855557199367, 6.182213005740555, 1.4771592321925378, 2.1507230221433886, 2.6978090509674857, 1.6458908905369338, 1.9494425222177472])),
    (np.array([1.1320288369161016, 1.2945246518927376, 1.2741717848788152, 0.8821492369321666, 0.34210337144408937, 0.31875566421380824, 1.2629324974229452, 1.0719826021277448, 0.4634318231722901, 1.5576761027461263]),
     np.array([[0.1327296014323059, -0.03307904840178175, 0.2094326170663682, -0.9654432625128369, 0.3123372533883969, 0.6242506224089468, -0.11335410176770779, -0.053871385275293296, 0.0676825048889395, 0.011540890597685038], [1.1574062800692144, -0.6619442655547019, -0.12121147490787855, -0.0757235537514166, 0.21942774409169202, -0.016551090770381707, 0.035357403393712655, -0.09059411049009915, -0.03253277784826178, 0.042311949906177364], [0.14766672104265133, -0.8708216601835661, 0.7531938780961753, -0.07361261986630609, -0.14295709033338982, 0.3422995293314413, -0.09799524787020547, 0.011072263630910876, 0.014241493670394212, -0.01808641370511981], [-0.4841678355633104, 0.17508923562631593, 1.0015159809778436, -1.1863767955696003, 0.282130069027423, 0.4004140577870968, 0.08026855016564226, -0.07533897969845449, -0.3410851827523049, -0.008774625554751569], [1.1689682580996197, 0.14613337078056748, 0.17221984849508162, -0.2338166538861774, 0.7392431560242445, -0.02059000984155872, 0.03258194157199, -0.06812884960217608, 0.07674432892322186, 0.03945293519410753], [0.026987034578963287, -0.08624869527429356, 1.1165273284506099, -0.8635259256233792, 0.096430640745867, 0.22493199369218575, -0.012638622372135777, -0.007026118133947897, -0.07017758020023519, -0.021968603376368304], [0.036763341548319964, -0.14179642226474046, -0.0758522246628446, -0.11029996985438727, -0.04111014919762525, 0.4631713787069847, -0.05505612684932484, -0.12500446395529943, -0.0793051766886606, -0.0602497107145841], [0.07333421611852035, -0.10308864786207976, 0.028996579292787084, -0.06540310210009073, -0.051779307536576294, -0.03555013289162457, -0.013301930805038232, 0.37616222306478975, 0.5443749357295365, 0.01568050194904507], [0.016861851119118774, 0.017297815218259446, -0.008483862538016352, 0.03706874209455773, -0.01632325011699274, 0.22690267066411263, 0.4427427905148728, 0.5233696279725166, -0.7323670587470692, -0.01319996464815205], [0.06735474363905976, -0.09068148624721976, 0.028971615447252408, 0.04343751420770475, -0.16653725014538368, 0.06386329256867397, 0.13023641724762144, 0.05152865631111558, 0.09183894289872516, 0.5317092382146457]]),
     np.array([5.067170653012514, 5.2876745753279675, 2.147766497327819, 5.1750376278700685, 4.977997946344138, 1.3720485722409126, 1.7463920147415852, 1.9914217205245779, 3.1853319281405503, 2.2174612008888457])),
    (np.array([1.100684894913088, 1.4464481874126816, 1.0980286080123918, 0.8369882065860743, 0.4105869515942355, 0.2554915875980345, 1.1301358397283627, 1.3762788184467931, 0.4629156876892354, 1.7170171303514992]),
     np.array([[0.8357099156167911, -0.11441462635458767, 0.20128912815870664, -0.6410960887609869, 0.5909604359887503, 0.8389040928774062, -0.11509999272834921, -0.13326959676624728, -0.08744216671791769, -0.044266306872546644], [0.9271521857375138, -0.7350543088457845, -0.3537220139810417, 0.07066535298974527, 0.2151726758105608, -0.0845284706588522, 0.11725082798441709, -0.08283579026222061, -0.03560498331511899, 0.0041648520509039045], [0.19056204896537898, -0.8314544956994492, 0.5612784911027014, 0.14015574885978382, -0.024306981036465832, 0.306922815783317, 0.006346326004588807, 0.0374213758130298, -0.02067104461260504, -0.03367816928541684], [-0.3861746594350862, 0.07036215067926384, 1.2507222848091428, -1.431068126348072, 0.16108171794272924, 0.2026136208785073, 0.000610897097745627, -0.1463544796443717, -0.05829030082149046, 0.06029511802879377], [1.0749445868655574, 0.2826945889757277, 0.25522380207865536, -0.39774941854370705, 0.702514980646649, 0.35629636792948294, 0.058501450212256306, -0.06775770986161676, -0.00020987480166412376, -0.07753426208257765], [-0.013477021444607263, -0.09423980947622562, 1.160204449044438, -0.9061213919341272, 0.11359841531285186, 0.19572207587734353, -0.13456767363481575, 0.0031857375020002765, 0.08588108980947917, 0.03879609585105202], [-0.05847533758676998, 0.17043919812772895, -0.08732438886493187, 0.24627119781109907, 0.08316440193276779, 0.6745164562499301, -0.12242704445984162, -0.3045164902436967, -0.23530080291369532, -0.05793550463924862], [-0.011480329139362179, -0.044479177767885986, -0.09693714378288372, -0.10075340413477826, -0.06424963783876197, 0.11749273458250915, -0.10395809185919083, 0.35328622478356964, 0.5825605311348415, -0.10785263804840142], [-0.06281249689776236, -0.1472352964416848, 0.021572046481142658, 0.011519461782546307, 0.04329394955184617, 0.1687725369614547, 0.39211301181887337, 0.4859452788611369, -0.6975804130462857, 0.03611165352349429], [0.08325269509003613, -0.15892584941121032, -0.20479237433074415, -0.03611024927463149, -0.03490099873491756, -0.0432907423071363, 0.06371051047969525, -0.11548632067129473, 0.4286154758994841, 0.8236400405564982]]),
     np.array([7.22957447859971, 4.179918600855762, 2.1116335390226406, 5.259013715046347, 5.137383969430196, 1.5444119484241654, 3.7639380272102185, 2.071959505358721, 2.4443217840611124, 3.0785277750125317])),
    (np.array([1.0180781929914948, 1.4363723375235866, 1.216703568481329, 0.8405948839442747, 0.4856311588133939, 0.34322888894825726, 1.2171939084055932, 0.9343011631408173, 0.5666338851385316, 1.6113566806982844]),
     np.array([[0.515946293028026, 0.030409031138971226, 0.24666014395264627, -0.8484473744182389, 0.6747396140056594, 0.6878374364875622, -0.07990390617541507, 0.05178140675567666, -0.09198025195096435, -0.10287815943520845], [0.79097786317083, -0.8486525919737133, -0.4536373313909148, 0.15207260428596853, 0.07803864678469688, -0.025639795765179413, 0.2749757346799528, 0.0034209967278108554, -0.1232123721246735, 0.04924204016555139], [0.23452388279521486, -0.9521267777919968, 0.6377558016830289, -0.022202171051127883, -0.07546882239211856, 0.38807063228474065, -0.05018549556935541, 0.1012592887950276, -0.11852059546859608, -0.0010326385755315777], [-0.4034006507986439, -0.11460945939435935, 1.1996732025501868, -0.9656509383091505, 0.1453786427896851, 0.10460338797128764, -0.13015684012499903, -0.02610603830221185, 0.1506281272130203, -0.012101301268707596], [1.2199018045292025, 0.26487460658482626, 0.046530184090308506, -0.000934781436759594, 0.8593590939035397, -0.0007501943900040655, -0.14176346788891797, -0.019943190358753558, -0.053946862339662095, 0.015047250061360777], [0.02749498493382266, -0.1691273520028125, 1.0939572938529247, -0.8719952475887279, 0.1589778416572598, 0.18475543567689143, 0.060335749564647156, 0.0033278694813225498, 0.044571845740866506, -0.04781557000353635], [-0.06228774107596629, 0.019806117650540724, 0.03905415169609136, -0.04471281243496106, 0.05190762434249112, 0.25938828940701986, -0.10457259312433308, -0.17668809973249636, -0.0811208334039032, -0.008249064294914562], [-0.12796991551819736, -0.009071301622439297, 0.009525527002204907, 0.03680621483974498, -0.053918703671091806, 0.001999563716088252, 0.04558376213134863, 0.3670381633743257, 0.4538647458906347, 0.03916690297820261], [-0.03743899121171154, 0.04137625252092934, 0.11880665848106318, -0.0706819050792238, -0.046584321313965504, 0.17529774377569746, 0.12176323030901488, 0.4614910743863327, -0.5686809604582602, -0.046979670071623174], [-0.10187432985363393, -0.12261069895701937, 0.03567494130262795, 0.13920940094822487, 0.10861175169475912, -0.06326927584119392, 0.25370330345164344, -0.0077572505079170516, 0.258660970398931, 0.42972629856756617]]),
     np.array([6.85451780187273, 5.8271282305785475, 2.1905207481715636, 5.439239033814474, 6.449335723745604, 1.5470261145748152, 1.3403339517017292, 1.3980982076502364, 2.503578166637764, 2.611609952296243])),
    (np.array([1.0434215760623025, 1.3215520011985524, 1.1120328696207893, 0.9061981992004271, 0.5825884447577159, 0.17261868753822024, 1.1113568421164701, 0.975039845136135, 0.3992111401705144, 1.4015397306173216]),
     np.array([[0.5642292883171052, -0.08876482556153123, -0.05698386387122717, -0.6948741547581585, 0.5384422119926884, 0.8197391352144507, 0.18235862621355695, -0.14989941219927527, -0.13166791172523912, 0.1468533415330191], [0.7369084626078264, -0.5579406160662828, -0.1984787179491913, 0.2863173308117633, 0.1760908449485549, 0.16055308245788102, -0.1193055145436602, -0.03698067100527573, -0.09212681023851031, -0.008257580040971515], [0.21655454463239276, -0.9492497328877983, 0.7693288833944111, 0.0260632941361162, -0.1683348052334625, 0.5134912683152495, 0.032746855156832386, -0.04107062319184464, 0.08607254472540833, -0.004951285953152216], [-0.4674075321669962, -0.015720636599606947, 0.740399371207179, -0.9498003234754223, 0.12258176164214774, 0.14028671468126253, -0.03195002206484917, 0.019414656517926863, 0.07246164129608616, -0.04521106158118483], [0.7358861658866327, 0.1370956230457526, 0.0620315052381196, -0.4136280077090085, 0.4723882575091709, -0.02508059527833582, 0.056618887512404334, -0.10720906997422645, -0.05367151321072388, -0.07473313644592697], [0.06890314184838608, -0.10327900380936886, 1.0456025854603903, -0.7743615860376231, 0.07832748447545436, 0.1945387285413129, -0.006668473170342135, 0.006336360727290923, 0.034979537707615936, 0.0014052888515004537], [0.17298956434944765, 0.08085265925056433, -0.09858927453182018, -0.102637184700799, -0.030559432011539402, 0.7632898303573459, -0.23687601439982398, -0.3402172052616398, -0.0213043188348697, -0.007578693886301194], [0.04750405054711595, 0.03244547447210922, -0.10199871361753146, 0.19465798780761862, 0.06832553442254403, 0.12131007339241134, -0.07063989891049306, 0.5324378114070957, 0.3959115769001277, -0.06218077423368931], [0.06590069630320046, -0.030911940509507678, -0.05148675643498383, 0.061260574628847715, 0.02794777030270485, 0.3012566251658034, 0.31243831761695506, 0.4603257719910399, -0.4840967027161131, -0.04091515485842021], [-0.08279860057625495, -0.0060355116202493566, 0.12577326899944227, -0.1258410823528747, -0.1588692381995375, -0.10424930321117366, 0.153425967983119, 0.1331558545774078, 0.5779049178672139, 0.6021131897648051]]),
     np.array([5.7328303036618, 4.229636576438363, 2.5888536967106526, 4.788907559850438, 3.7034613390016102, 1.4387414378798513, 4.3798304272183355, 1.8342579637936136, 2.3326000351028893, 2.2501983135601584])),
]

gvm_hp_final_estimation = (
    np.array([1.0030869948078107, 1.287603345250772, 1.1905861728869136, 0.8103022819595833, 0.43175219606835163, 0.3013789859164137, 1.0935470021095965, 0.9972319976215759, 0.4489854528872425, 1.5158176617582413]),
    np.array([[0.5174841059155049, 0.0, 0.21970984655520806, -0.7989746776615984, 0.5044932208790128, 0.694342624328512, 0.0, 0.0, 0.0, 0.0], [0.8722150405318323, -0.5833206196341755, -0.17017638940553098, 0.09650577757507783, 0.1705533774496603, 0.0, 0.0, 0.0, 0.0, 0.0], [0.17356656963889305, -0.8889062543190864, 0.7079211808831293, 0.07213353871353699, -0.08698756361267639, 0.3231615077703836, 0.0, 0.0, 0.0, 0.0], [-0.38089766903112243, 0.0, 0.92646946823774, -0.8708820631369495, 0.1779706941622894, 0.14845184338704467, 0.0, 0.0, 0.0, 0.0], [1.1551907025474508, 0.2614588228220803, 0.10490591957842763, -0.24285433901148926, 0.7148655916682749, 0.10721128148596275, 0.0, 0.0, 0.0, 0.0], [0.0, -0.10329168336784658, 1.018233934305053, -0.8036971203098527, 0.10001546227778325, 0.2163245615463511, 0.0, 0.0, 0.0, 0.0], [0.0, 0.0, 0.0, 0.0, 0.0, 0.4954812018673558, -0.08701342802876455, -0.20479112540717095, -0.10608990693854187, 0.0], [0.0, 0.0, 0.0, 0.0, 0.0, 0.0, 0.0, 0.48240978792822703, 0.5414210995281032, 0.0], [0.0, 0.0, 0.0, 0.0, 0.0, 0.25369275879938225, 0.30181612470842495, 0.44709903495216413, -0.45459845638679397, 0.0], [0.0, 0.0, 0.0, 0.0, 0.0, -0.028432135426152434, 0.0, 0.0, 0.39062827062419403, 0.600551476860945]]),
    np.array([5.836110602369799, 4.534150902453426, 2.1874772294541445, 4.5543229636361255, 5.659231534741124, 1.4438941925752378, 2.5405284875946608, 2.005096413862967, 2.927084662006488, 2.3822586922856006]),
)

gvm_hp_interaction_matrix =   np.array([[False, True, False, False, False, False, True, True, True, True], [False, False, False, False, False, True, True, True, True, True], [False, False, False, False, False, False, True, True, True, True], [False, True, False, False, False, False, True, True, True, True], [False, False, False, False, False, False, True, True, True, True], [True, False, False, False, False, False, True, True, True, True], [True, True, True, True, True, False, False, False, False, True], [True, True, True, True, True, True, True, False, False, True], [True, True, True, True, True, False, False, False, False, True], [True, True, True, True, True, False, True, True, False, False]])

gvm_hp_pvalues = np.array(
[0.6335397728666798, 0.17179277961671424, 0.6968034971244742, 0.4511225047578613, 0.3985960914954195, 0.8128402600498646, 0.7920174211520055, 0.046893529612585194, 0.5919815958970236, 0.2814711268975775, 0.034018221454198416, 0.14890917877200327, 0.47255667412521496, 0.230345942788152, 0.44795066946278606, 0.05508469448074371, 0.32422009112241523, 0.9246589676267055, 0.8671283835850857, 0.44589009275049407, 0.2082501303178862, 0.783856933535785, 0.27844430297418565, 0.9597180324859206, 0.14171207794453933, 0.3598713055756376, 0.5044086167294899, 0.674802517996741, 0.9204100577502204, 0.8398572687987582, 0.9027636235285099, 0.39479855254103624, 0.4855170443059761, 0.6067410493879164, 0.7712729154322651, 0.6936048759037745, 0.18675665575746003, 0.6935946152694756, 0.7516694406708837, 0.4499901529896383, 0.4111074478132357, 0.057151674600286806, 0.18477792350342392, 0.42439457765490207, 0.6615457215728651, 0.4025497501911467, 0.5427454733077783, 0.2160171251688635, 0.16955436123880863, 0.08137301716606138]
)

