hp_vm_estimations_step1 = [
    (np.array([0.7322805709252366, 1.010162286201895]),
     np.array([[0.22199218414376823, 0.01748666051266733], [-0.7188569651092941, 3.1385107320130343]]),
     np.array([5.264260048840766, 2.399822903218668])),
    (np.array([0.6912538910368853, 0.9815483121849436]),
     np.array([[0.19483327228462477, 0.023739232138652044], [-0.7106743325739887, 3.1122008413624243]]),
     np.array([6.2825995459881225, 2.453551470828849])),
    (np.array([0.7404848640815994, 0.923930003406537]),
     np.array([[0.27687396760883226, -0.017712483334620718], [-0.504278155360233, 2.8491128552885354]]),
     np.array([3.6093583346559672, 2.2445225254424632])),
    (np.array([0.7222671064787565, 0.9952129694325456]),
     np.array([[0.6046469004305989, -0.09490196726854622], [-0.671973973278648, 3.25288139155912]]),
     np.array([13.469628874079126, 2.4024137396337206])),
    (np.array([0.6606394003316113, 0.9929339426268928]),
     np.array([[0.2899298993905635, 0.00696016401698786], [-0.7278692936765374, 3.0247040862901042]]),
     np.array([3.127122226801033, 2.209807745214625])),
    (np.array([0.64463976089142, 1.0464153285550044]),
     np.array([[0.20826377070483307, 0.04434573992902219], [-0.7348681030064168, 3.381383563484503]]),
     np.array([2.620561759801809, 2.5327039794005315])),
    (np.array([0.6541495411498077, 0.996593649365883]),
     np.array([[0.14595329524740874, 0.013378586110688217], [-0.6291901636037631, 2.8474588539564185]]),
     np.array([1.348143062667607, 2.1763091946255195])),
    (np.array([0.6784621290190196, 0.8924390728055268]),
     np.array([[0.2972303135418056, -0.004643097668130967], [-0.5219484966773944, 3.280272714523281]]),
     np.array([3.3475440082658334, 2.4070455185372017])),
    (np.array([0.7416241670952438, 0.9558709686738731]),
     np.array([[0.45623997977063707, -0.015034733687983406], [-0.6605066438941345, 3.230192366485284]]),
     np.array([7.119545586326688, 2.351142012823314])),
    (np.array([0.633856373561872, 0.9702534411242852]),
     np.array([[0.11249965083182797, 0.018181190207919883], [-0.6772726198604272, 2.968634994112035]]),
     np.array([0.22233720573522556, 2.372051803339545])),
    (np.array([0.7439541247304539, 1.0114576572636416]),
     np.array([[0.23507995224972733, -0.040917057335342885], [-0.6647819886834295, 3.12004256384511]]),
     np.array([4.418320412567008, 2.4602096260138304])),
    (np.array([0.6376230541073067, 0.9710668786500019]),
     np.array([[0.20257251407441682, 0.01578093518010495], [-0.6037027918076406, 3.0538941059593507]]),
     np.array([1.3534909589248383, 2.378384450064836])),
    (np.array([0.6816574237052166, 0.9674004798174186]),
     np.array([[0.3392594290394962, -0.01872056686994263], [-0.6417487155067682, 3.036661895521791]]),
     np.array([2.790209944961004, 2.432693445904066])),
    (np.array([0.7199319692266618, 0.9801029523113862]),
     np.array([[0.2759074345108743, -0.07457085296974819], [-0.6481827953276226, 3.211917485149394]]),
     np.array([5.110719014897509, 2.5882707950572907])),
    (np.array([0.6726045403140624, 0.9760218508007569]),
     np.array([[0.1638653677393105, 0.009419856953517639], [-0.6521410284248146, 3.1197322018556113]]),
     np.array([1.0523455768575587, 2.4550009828524995])),
    (np.array([0.6252580823187552, 0.9493375290821415]),
     np.array([[0.418574040787846, 0.033118260795788466], [-0.5134646127691838, 2.871038684955793]]),
     np.array([2.9499511773465783, 2.1937761866200347])),
    (np.array([0.7047095108981416, 1.0148579614533326]),
     np.array([[0.1996271670810409, 0.024854840014563312], [-0.623772843580589, 2.6604237577874494]]),
     np.array([5.824084354553736, 2.138150472573307])),
    (np.array([0.694108311522869, 1.0354292011877664]),
     np.array([[0.21690656039940737, 0.03737610915491286], [-0.674048013983719, 2.876251531267915]]),
     np.array([2.5384258061266425, 2.581599306664898])),
    (np.array([0.6939314992260401, 0.9844991219221707]),
     np.array([[0.2785270666652239, -0.011932288563412132], [-0.6339962485193389, 2.994432331016442]]),
     np.array([4.9365863227573294, 2.368992153507484])),
    (np.array([0.7144495193877957, 0.989463986418616]),
     np.array([[0.16104475851381247, -0.016299340416242196], [-0.6174000995068872, 2.8441068082869525]]),
     np.array([1.254974278382468, 2.3278908753690426])),
    (np.array([0.7013689735860198, 1.028913519737992]),
     np.array([[0.25047898839696303, 0.008030218004010438], [-0.6547315188506732, 3.2578664427894597]]),
     np.array([3.733158736674386, 2.4566752603815685])),
    (np.array([0.7105118458152965, 0.8907290858359486]),
     np.array([[0.31612093119954654, -0.04202603811308133], [-0.5148880274727313, 3.198641819373841]]),
     np.array([10.991968811921744, 2.45257414362595])),
    (np.array([0.725796546973975, 1.0036149194895363]),
     np.array([[0.1979709878794603, -0.15193387050519308], [-0.5896825723671248, 2.865270150116525]]),
     np.array([17.8090887806874, 2.435207472123282])),
    (np.array([0.7081706909694607, 0.9077261348388286]),
     np.array([[0.32538447605954296, -0.005455740303454142], [-0.5003094830432152, 3.0368858876796336]]),
     np.array([3.9303787881089365, 2.1262426941565464])),
    (np.array([0.5825436694031875, 0.9779672358941119]),
     np.array([[0.2904525975986046, 0.019549295835583996], [-0.6462442364638395, 3.006525421472996]]),
     np.array([1.4510084918696897, 2.3545290025766676])),
]

hp_vm_final_estimation = (
    np.array([0.6982981556274107, 0.963494280992136]),
    np.array([[0.23586389729007232, 0.0], [-0.5974470099241475, 3.052539851166809]]),
    np.array([3.5290455283804767, 2.3465578700951317]),
)

hp_vm_interaction_matrix =   np.array([[False, True], [False, False]])

hp_vm_pvalues = np.array(
[0.1511681589403019, 0.1633331628391863, 0.2356283526833941, 0.023643978970668833, 0.5082105672305743, 0.08946828040084487, 0.13627986231732203, 0.4992215725383897, 0.00018709062901056672, 0.31811713630869176, 4.7945523185544126e-05, 0.5612434631062908, 0.28774306584927034, 0.4634082364430824, 0.7834311580262155, 0.17762403374747793, 0.505395089342788, 0.00023529729257409926, 0.19038028792366357, 0.681632676080798, 0.12227532709479227, 0.0013083105719524646, 0.6611201633892965, 0.09080709621572036, 0.065314801519463, 0.006893008716614579, 0.12274746211489396, 0.7590850129238149, 0.6765823416863515, 0.3721749863053849, 0.0004070850336019838, 0.35638295807720743, 0.9274247711901127, 0.43030321938603766, 0.5495735989799928, 0.08618898690631016, 0.5665748935168737, 0.02149704265997987, 0.014400242196113466, 0.05682649205038115, 0.3790338600869967, 0.08860593900308955, 0.0019666362858975495, 0.0002280715182403359, 0.18682815117595564, 0.349823073536908, 0.48598597531888443, 0.27592402031112706, 0.18073373060326237, 0.04153385477313287]
)

