hp_short_mem_vm_estimations_step1 = [
    (np.array([0.9615800401376612, 1.2748612171403504, 1.3852231760130302, 0.8148860862773333, 0.22514323795951674, 0.2823527799148415, 1.0839848214359118, 1.1048341644547892, 0.22378888099692668, 1.429950817154389]),
     np.array([[0.20373154293892837, -0.055530638013973094, 0.055386346582444186, -0.10224481227743325, -0.11464201782866215, 0.004175525510357639, -0.03904285214106499, 0.09640480101284711, 0.08850515543604666, 0.0807768624727738], [0.26849395642655477, -0.08939665221004442, -0.17834298283638586, 0.06033035672222436, 0.05775155213728573, 0.16040871694340514, 0.02212179071519726, 0.06817209718774352, -0.05807666429317023, -0.09198886911851956], [0.018807676928727465, -0.23259101984692165, 0.019190121999990373, -0.09646680148982156, -0.16423429105460025, -0.09057219363992268, -0.044702854653611554, 0.0914576223192586, -0.02302262905519165, -0.052921115091829785], [-0.007535459581812879, 0.014287287138028482, 0.6309511987248424, -0.46698679724431796, 0.014133811503797986, -0.053649329479778345, -0.06334257085201847, -0.09239221577229627, -0.2754585785245106, -0.043896636712286156], [0.04337988104690049, 0.003402899653617309, 0.05320330407932869, -0.06380243265848197, 0.4284548038982771, -0.029528483208227436, 0.01274646414016231, 0.07360672749878416, -0.05527305357344486, 0.030002045861715197], [0.24123607082941873, -0.10018335269747605, 1.3184624102624751, -0.8153771341499269, 0.23790129667906887, 1.0000207506763432, 0.025349070041971816, 0.04774050077709051, 0.17581420021306668, -0.11492612645389658], [0.013891227167839412, -0.03994577667355771, -0.004198825478308467, -0.002686606103269955, -0.03162498376278994, -0.03283358183720434, 0.034356988516844704, 0.06818499103315485, -0.060702994102309886, 0.028127921425589043], [0.006500847533346637, -0.09690252339943764, -0.03991078973558011, -0.24583648244626413, -0.12081719784431678, 0.3630073496141047, 0.011913660285009122, 0.17350346084444065, 0.25719140688238307, -0.14621107568895414], [0.17214673773557457, 0.11152006637482548, -0.02913154779354375, 0.09077611699354744, 0.042142812361675844, 0.288876754085638, 0.23586501681399283, 0.3415022874429072, -0.03369437733821956, -0.07593202571678806], [0.04535255843739663, 0.049928497156140256, -0.06675928003954348, 0.13216287313695874, -0.11858056955943116, -0.21776115209460328, 0.011378953273040468, 0.1277285653000041, 0.20650976494718876, 0.3072171328700991]]),
     np.array([2.513428108785045, 3.697738647372336, 2.518309366020354, 8.086485203864234, 0.8159401081842937, 17.322981598591234, 1e-15, 4.750475958883248, 7.3123406277051615, 3.447670922391656])),
    (np.array([0.7812317034838049, 1.9366451879501931, 1.3192545222787315, 0.8306493119275495, 0.527909473117499, 0.2621163612007408, 2.31533327917414, 1.2136924591406877, 0.2457529667372805, 1.6053826176569956]),
     np.array([[0.318643078222402, 0.065940794388089, -0.04620394659956525, 0.031969305422398064, -0.05142681258336137, 0.055593650766588724, 0.01039598834170116, 0.05967249897835217, -0.04936981879719211, -0.004348676597167343], [0.03060874948312248, -0.6794153820144784, -0.13349649837828065, -0.09068139152167518, 0.05087684021957376, 0.13003599920699238, -0.018759110416899587, -0.02346089986210058, -0.1972337624102436, -0.08211408180886852], [0.0474485412620702, -0.1082397862974676, -0.06586570268967686, 0.00022829634034768443, -0.06411869022796576, -0.1048725913274575, -0.08880496329931561, 0.11609651439052694, -0.05323039714333721, -0.03896345549948826], [-0.09588839585945176, 0.014471230175578883, 0.2320651069347583, -0.13581014919108242, 0.026353472244052312, -0.03356002719465958, -0.024998347497099418, -0.010783322562687865, -0.04633694246273819, -0.027098620493009644], [-0.012094104059220902, 0.013935553752687846, -0.02213082906263988, 0.03389073672811803, -0.029884851973218055, 0.05381304259770863, -0.02063307975054471, 0.03733113153648328, -0.0014194605344415947, -0.006728744467662694], [0.012070373506598574, -0.12883190358026045, 0.8771239792410205, -0.5360522344751493, -0.07395800625873325, 0.682788132084822, 0.04450167176248815, 0.0034003780094169593, -0.07705687956655297, 0.06872528423093406], [0.08481116480243889, -0.08968525633698292, -0.07856844732296879, 0.05181665261176137, 0.024760113259278606, 0.17141555498782063, -1.2898030618935485, 0.040482628916719006, -0.09940865222857981, -0.03360235183458229], [0.035069353341717596, -0.0796606386608521, -0.045896149227533115, 0.0009999924932350094, 0.015626194120336265, -0.06402909892762668, -0.05384584936523208, -0.09652532777838757, 0.05370151421401638, -0.031488579597297485], [-0.05408730918957998, -0.004824852643445836, 0.04065273810031139, 0.0389037828599009, 0.04144517898678122, 0.007133278655987391, 0.1024355034068534, 0.13030801133750414, 0.07784537167813428, 0.0060395593652987686], [0.03755511271595365, 0.015181148247910912, -0.12297206465162236, 0.005693987856537972, 0.06668005803364627, 0.15356771645054576, -0.1409912634348468, 0.0076474450889425566, -0.14579021723131258, 0.09752529176465281]]),
     np.array([0.7513283311862731, 0.7292092418167262, 1.2228867020923189, 2.612553112300931, 1e-15, 8.237722589643129, 0.1135011255251256, 0.95399286628431, 2.1410476696830365, 1.5040131547568185])),
    (np.array([0.9833363898368443, 1.3533655170638594, 1e-15, 0.7659018992792029, 0.45712375156397866, 0.2996319375230623, 1.125886119170975, 1.1376472334507606, 0.2637698402551815, 1.4739809489569975]),
     np.array([[0.7545345275571416, -0.10864080721046628, 0.2484136634848513, -0.5726211726183186, 0.06242312267219918, 0.9204328457472186, -0.004276512871639124, -0.3369223356944752, 0.02460085688212739, -0.1744100144452859], [0.8108547095170755, -0.13364020313174035, -0.2206615557993403, -0.15487197352134674, 0.1962058831358671, -0.2785189961915972, 0.15722014953270871, -0.4397019247373263, 0.8537544330133783, 0.06517903012246701], [0.041882877211201895, 0.025843703792871205, 1.257311852112989, -0.05336298176905447, -0.04403946830943217, 0.08273833585896874, -0.009567474961151365, 0.014004653388353272, -0.1049459088865248, 0.010260505651409816], [-0.23308927015527398, 0.2655561832402192, 0.6033907490150197, -0.6207610830242623, 0.5378969591808402, 0.566712748743887, 0.009399999847321696, -0.16344599890311395, 0.37866523804513397, 0.15712342913700325], [0.8000759594508852, 0.4648220159887094, 0.060699102285676244, -0.5441782884291696, 0.5364005755781215, 0.26707201792084095, 0.2164444458624245, 0.3468853179892463, -0.28404043151230046, 0.08004892516996966], [-0.008873556921814423, -0.11007159334969466, 0.8064308127388468, -0.7431015624255163, 0.17222750320080954, 0.11815704459907059, 0.05055860178666664, -0.09508806552778776, 0.13620856302613657, 0.01702352902900646], [-0.15471291511670401, -0.25396744341447597, -0.16303124791961193, 0.08052614396930627, 0.1180584300444531, 1.176170665117781, -0.5241062765298932, -0.3215934992260491, -0.8233671192544992, 0.32229814798918044], [-0.1837254692261082, -0.20093587357858803, -0.18650917003343437, -0.2323659638708198, 0.018141821219541665, -0.26955707683447133, -0.09652357260378028, 0.43656599706500016, 0.402261005661529, -0.07823340246335628], [0.17525425977778078, 0.0015360336150274233, 0.1347197487781707, 0.26454318513952263, -0.16897796654324135, -0.304792241869316, 0.4826284475693739, 0.7830627399493291, -0.15091153253036305, -0.16529640268870913], [-0.008145097944754527, 0.2879702604855505, -0.34405493661311476, -0.3359403038321093, 0.5355687410662898, -0.22425361204808586, -0.003305443600569079, 0.46325822149201107, 1.4448890029952726, 0.25928416423943296]]),
     np.array([33.377664083512926, 13.875761381873188, 0.05846423881572488, 44.32105192899304, 34.49571747350798, 10.753048874755699, 23.784341000201085, 8.098390493835641, 20.357847186558317, 16.250554870378274])),
    (np.array([1.2226845535247024, 1.2315108689167487, 1.236481804593729, 0.7884556581442353, 0.5291728147165774, 0.28754595198079436, 1.0187294521494157, 0.9429129006060509, 0.26205151168036706, 1.493585967727103]),
     np.array([[-0.2579513028699786, -0.12547302170264307, -0.054795311987241885, -0.013194582255954672, -0.040026762980615006, 0.12147984194433249, 0.027090672939898787, 0.006813899443194761, 0.017286809391888137, 0.006505237140708666], [0.8015771736837556, -0.26626598971270776, -0.021301165909870447, -0.16587215685771356, 0.27151498732718626, -0.21896342980077943, -0.12158833807932386, -0.045863035498479365, 0.14037083863859234, -0.07129184728594921], [-0.19745732583956502, -1.3182368498318686, 0.5281672799141517, 0.5143147933149791, 0.017421795910910764, 0.2979711089643609, 0.07931229427723625, 0.05301726093115905, 0.7213879156693299, -0.3095365411938752], [-0.22056186866242838, 0.05268452718652178, 1.4077935325703497, -0.5586517682557245, -0.19952104743578405, -0.7910323620091506, 0.07919664479435143, 0.22780331564214248, 0.24018447618009472, 0.034197897128064585], [1.1144296368422408, 0.06398603669613477, 0.18945141303026775, -0.34374029752200425, 1.4730588127961832, 0.2866919265931496, -0.2917264839675724, -0.0683712472316705, -0.0411954031712781, -0.11875221231799618], [-0.11314908128615009, -0.05778077620309301, 0.9514725459943022, -0.8429152648220976, 0.12228786918376688, 0.6585323561944522, 0.1020118233574984, 0.00731247114093799, 0.20369761609994172, 0.049116492102137345], [0.18124564144834446, -0.015923919179899108, -0.09331729731783013, 0.05831052341075715, 0.006497986168870828, 0.204740727859011, 0.1223433284740475, -0.02990184191567237, 0.3163891964756833, -0.02810194461631851], [-0.20543245017700615, 0.22838770163372793, 0.23366728025860603, 0.08480369896822618, 0.054155814192793666, -0.023357240801188704, 0.41964456185467724, 0.4844714762585315, 0.9769536367948028, -0.057214825744312095], [0.07919462067117547, 0.005350585566270636, -0.0023540792761989624, -0.019748960581403352, 0.0005783219385597279, 0.21450597866390092, 0.23492785703144337, 0.21498829991699012, 0.06269625273851824, 0.03116792992418705], [-0.19096709657181785, -0.35197796440647516, 0.0652675761956905, 0.049409204593546606, 1.1681321981565436, -0.6221145480711535, -0.31590698600077916, -0.42671116581545604, 0.5442711839055099, 0.9852537430650435]]),
     np.array([1.0991544620098113, 8.521151686590605, 28.438272992982384, 27.129484234307757, 61.16685383556784, 14.476126756468421, 2.283223862419174, 29.62769452428054, 7.327935894927158, 32.554853999596766])),
    (np.array([1.203453005723588, 1.0167545399692377, 1.1463013089715055, 0.8231958816109555, 4.27382527654116, 0.3192809350532964, 1.4368726737468902, 4.256388885800264, 0.3399153336754412, 1.4424534280258854]),
     np.array([[-0.19391226008027007, -0.06618354306849986, -0.05865535399299969, -0.10134681260505263, -0.027783527857475124, 0.0071862265420458826, 0.07155058936615878, 0.014068297925344399, 0.001240357829702577, 0.008144949252517752], [0.30643306404015275, 0.23741594639526045, 0.11983899780268713, 0.1747604418464702, 0.05592939642052678, 0.08720751809164201, 0.06520694266864013, -0.06007142589487019, 0.028956155402801907, 0.06626747846809804], [0.6730703832082917, -0.8894888320628817, 0.7948191921929022, -0.15303327050497442, 0.4258348269749407, 0.3168153072563351, -0.0008637573222686824, 0.05440198626321379, -0.0421879485384451, -0.04829184655614358], [-0.18410095821349254, -0.07438446743488425, 0.9949389648234583, -0.8767420851874815, -0.2956411089902956, -0.032374085326507436, 0.10132714029954998, -0.1722459306154892, 0.21436771343590355, -0.03485462585519348], [-0.0014246295739888234, 0.008490786259962092, 0.024304595265905744, 0.00491729332256649, -3.7680939840648926, -0.0268049977387353, 0.0038215857199260187, -0.01918807311952692, 0.010160322621833, -0.003791418835782408], [-0.1040823000901066, -0.10079180980369416, 2.3236704681066276, -4.1329344500452345, 0.12606550224567412, 0.932735023431254, -0.05011829081698041, 0.16954375152093915, 0.2881172614999601, 0.006027555289664141], [0.0307989266982154, -0.030909064355319833, 0.030874186203615126, -0.09263372926915141, -0.00822375562010983, -0.09690647363698063, -0.4773580257104034, -0.12055363135586065, -0.01911758211161703, 0.01480605237179754], [0.013690840113295383, -0.014047656859621173, -0.044628938184443565, -0.022264137749960285, -0.00627740753173894, 0.0025818928738748346, 0.024540537689958675, -3.2807800726902907, -0.10750346332155028, 0.009628504548363497], [0.11899854607532138, -0.12517592818979983, -0.021370178779193238, -0.15294013008021798, -0.09535539139331221, 0.13647527783453142, 0.12711337575062373, 0.2688766703724424, -0.11073771886172029, 0.017804589585107906], [0.20557559463441413, -0.21586118371835497, 0.009833572129951796, 0.2942974693077055, 0.3170831396567989, 0.5609023296719005, 0.12463433083920054, 0.044671667312636054, -0.16645254637946535, 0.49757955493985495]]),
     np.array([0.5802227765819934, 2.521983803010215, 17.68945388634679, 20.46343548064525, 4.646079982438071e-08, 34.35539315826959, 0.6516400119454836, 0.03203155208277383, 8.164580219349958, 10.826474801032823])),
    (np.array([1.0177906896158777, 1.3353392214366309, 1.2216446117639004, 0.8037136386802205, 0.30355768311993464, 0.25321897347763705, 1.1213893690560588, 0.964059731384484, 0.2925123805598184, 1.4499027471750008]),
     np.array([[0.0785394808805534, 0.02286989784430795, -0.19865482365405396, -0.1522331870026068, 0.049634263586243454, 0.25222380715058657, 0.22239934118354868, -0.10071752820352788, 0.006864893486454192, -0.06672557117625054], [1.8208141501461939, -0.4544495485803325, -0.42892130269404366, -0.600269805055467, 0.4527984160954289, -0.5109155001530671, 0.2821525337702058, 0.39830555587368766, -1.362500244982161, -0.10883688547179135], [0.21815583875543143, -0.9591938608285643, 0.7215816121371948, 0.1339024290489581, -0.31471008293574887, 0.14336051064492422, -0.03581829616367602, -0.19585564245837572, -0.6488105558144024, -0.08209553248992983], [-0.47996920027494694, -0.0033793095698038725, 1.1465890077397796, -0.5113658181524482, 0.19118824791173722, 0.5149928453048376, 0.0936099077390242, -0.10941256755192488, -0.12478604710982605, 0.014343170643902838], [-0.004036544926878352, -0.00429531700265237, 0.009256730593039589, 7.942904018718885e-05, 0.19152202946798183, 0.00026792519027353827, -0.015546440968855811, 0.027315918565148836, 0.004955391232314869, 0.01724294883878876], [-0.022930706425949132, -0.0397729872808748, 0.8538097634871861, -0.8093807667620068, 0.3714826471770413, 0.7443684706490276, 0.07065678374866936, -0.07925884736995743, -0.14477633751148633, 0.10441081804958055], [-0.013130257717368164, -0.14544770380916527, -0.20677689130553026, 0.2546856453878088, -0.1176916072484022, 0.8562289347363068, -0.13078934318300628, -0.38351285084573145, -0.3103997507819623, -0.11706202589515351], [-0.04107510059522705, -0.21147301375641925, 0.15746953301086286, -0.07163658598775056, -0.1174035793282223, 0.14865142693647668, 0.08954343842442276, 0.408278122073461, 0.31670739336626524, 0.07835030557557082], [0.047629683840931615, 0.08941694733730622, -0.12734600791108291, -0.09006077358591866, 0.31859764792477524, 0.904581789299652, 0.41037876906486237, 0.526014250369552, -0.1646656731224398, 0.15499795595582785], [0.057701630802861954, 0.035796519241059574, -0.06620483863062657, 0.030979181258987368, 0.002871277845207309, 0.08322836137746012, -0.058010686090552016, 0.056282842102059645, -0.0008905780716569861, 0.5126446807250002]]),
     np.array([7.470357506424425, 41.573386955074, 21.436471152801015, 25.52905622967961, 0.1865744282640794, 13.765227973882983, 24.308899765016832, 7.3855515537917364, 19.27055503795389, 3.5828660770383975])),
    (np.array([0.8806855220729755, 1.251462143159771, 1.315611814525475, 0.8174915927146219, 0.49015622503356343, 0.2915256280833344, 1.0636392876376664, 0.9544252564477809, 0.33292184109751355, 1.355898413424062]),
     np.array([[0.08240034621455733, 0.03702848677968174, 0.07417450990425821, -0.05645865247845948, 0.10277433108834387, -0.07247162750608978, -0.07401681658321455, 0.018399624960054966, 0.09952026932349825, -0.0023216556161534414], [0.2427543019123854, -0.14355252594408752, 0.04817013896709041, -0.031368857333058706, -0.014436178117860817, 0.12397001301385727, 0.02072659073737482, 0.024591190421738723, -0.16863057425049138, 0.027762088974795644], [-0.08956309780244313, -0.16111542537281723, 0.17077711188494468, 0.03429481023139691, -0.09521557785053497, 0.18629718227384634, -0.08701035266590017, -0.13987415602649664, 0.053430571103014995, -0.05789478998484352], [-0.1607656620861817, 0.05461241665471173, 0.3104133004094028, -0.23689481551804872, -0.04727542360078091, 0.01627965758325195, -0.02783815388087688, -0.009109975040868199, -0.04605655913398728, 0.03374743042484387], [0.2657363982010244, 0.04938715090679985, 0.04704249174889629, 0.06231904150408142, 0.1755484705220839, 0.08101945664859123, -0.1324794513961823, 0.08174459482235454, -0.2404527450240033, -0.09468242537709061], [0.029725182335899908, -0.03683904762727438, 1.159558364867878, -0.905429225395115, 0.12270259346860377, 0.20438793478426717, -0.10941019916963839, 0.012418475593100532, -0.14535546537216026, 0.02039343675408111], [0.005008618015703099, -0.12162350225337457, 0.13383721519640526, -0.06729016295847913, -0.24295685079945986, 0.3793356079324748, 0.0939035387150285, 0.027427893985959746, 0.08701680380503675, -0.0405255076827615], [0.09155629528512547, -0.09647505861642028, 0.11691430076995935, -0.0426426818455056, -0.07311015864221634, 0.11923878088936883, -0.04822313780721582, 0.3141855696892016, 0.3756724808677802, -0.0966174966770931], [0.018207216412990106, 0.026260487818328265, -0.03810918210206421, 0.009846130785012938, 0.029860667378774564, 0.15957176179929902, -0.001717597646162796, 0.05972703762064866, -0.03720254643242265, -0.04402610218215506], [0.09629428749478827, -0.019240114250531085, 0.08423216666994955, -0.0036606065025699143, -0.10149407090603176, -0.015141400686141903, 0.012820957661800789, 0.01987443468894996, -0.04686490694211591, 0.13008999638144003]]),
     np.array([1.0686135659630833, 2.085364622053258, 3.144793636578245, 4.296387915601021, 4.69684230415554, 16.729179454689447, 4.10194092703152, 3.7465374740627584, 1.9695766017164926, 1e-15])),
    (np.array([0.9741923589834491, 1.3443663622133961, 4.334380671603698, 0.7990393291058687, 0.00030409181598427606, 0.28851849557813386, 1.1202979971760034, 0.9129802438988371, 0.330679787672862, 1.1802534105278455]),
     np.array([[1.458778416305409, -0.4763816705404086, 1.0694920201955145, -0.7183742501670526, 0.1811572178782954, 2.734865226938363, 0.15007700463465104, 0.0758185364425098, -1.0068844191167223, -0.17538248432740905], [1.0255319042521733, -0.6171098055158243, -0.21533032387702766, 0.06751192575244358, -0.8417827996741339, -0.4750192924533258, -0.18194434848865967, -0.017089890824141998, -0.4006841901231192, -0.36241515979183625], [-0.026687913083651135, -0.0394093042424044, -3.2090902864944315, -0.025996198038476838, 0.02401061262019615, 0.03494439264058935, -0.010889078473711518, -0.077278966354734, -0.15516477157843717, -0.049783229219605867], [-0.37003419974350144, -0.25529465681800145, 1.2823076053485796, -0.6372386599407514, 0.21052967569180028, 0.901671862112795, 0.021947131614632995, 0.4529619473158701, -0.21820079149904364, -0.1054270871382016], [0.056785529785532224, 0.07571639940099223, 0.010507242270854157, -0.009743163491825359, 0.5070679492430978, 0.05833530498706402, 0.024838524173376786, -0.0021093781132748685, 0.007473433140114436, 0.005511329218084185], [0.08017420228154039, 0.026321284689983987, 0.8978524951702299, -1.1569189431596418, 0.25761143485666443, 0.24108015386112197, 0.04574738597968164, -0.11584655545656575, 0.15360906674567107, 0.009557740323950285], [0.6637924318573905, 0.35607096729899385, -0.10370914505848569, 0.25124770149234077, -0.32723183395185057, -0.013960289918068192, -0.49448385952974827, -0.3239314743411059, -0.4469243042377613, -0.5440273805683647], [-0.09795191327665512, 0.08807572804893078, 0.13504584331008934, 0.2707899851973038, 0.5690726745817697, 0.4392864005363926, 0.09139827174829096, 0.44544427506953266, -0.10179731157345207, -0.025451050785008644], [-0.05529215924952321, -0.055688885980645274, -0.009456179712450715, 0.06537096409418422, 0.00891344549846005, 0.19481680090142306, 0.09108158955498298, 0.5579302007955641, -0.032913861974140035, 0.04563802501363145], [0.18296590167783788, 0.040389454487512064, 0.056908791486490036, 0.04936874465072965, 0.023710767930329536, -0.14386992535130863, -0.0021299270135052666, -0.045036165086500386, -0.05378479827943609, 0.3433194266929018]]),
     np.array([95.09666316556041, 28.31964279069221, 0.13270494852979126, 35.75107428881475, 0.38913028546206463, 13.0851603294914, 49.51061827165166, 11.371531310906441, 11.954850881761146, 0.9030148306289189])),
    (np.array([1.3088852097029446, 1.959972896299754, 1.2763501971363207, 0.929934723734638, 1.2074538757279716, 0.3085192878655368, 0.9926965378114058, 0.897663965858144, 0.22527002509824726, 1.7236692733627161]),
     np.array([[-0.2919602354654866, 0.0463012556618984, -0.04051544343644306, -0.03536105742025898, 0.03569015435630325, -0.019924340464572032, 0.01823825311161489, 0.035220486151344016, -0.08356427463467785, -0.008479243942953515], [-0.0030693330991415245, -0.7643338030022989, -0.033685342477541, -0.0354707689220882, -0.0816116584660906, -0.10367802223381417, 0.041689369938297485, -0.09390420450714784, -0.14731303943563198, -0.10780934199768478], [-0.1230454518365444, -0.4697414569424891, 0.4319917593060254, -0.12062779428083722, -0.23577535179006606, 0.3610222134762504, 0.20447870416282593, 0.17513399394991772, -0.27878208499617024, -0.06937303438603934], [-0.03265908123192464, -0.05332743688783725, 0.4186475134154404, -0.3978278841091672, -0.16199539210308922, 0.011192822873986463, -0.01939101874287504, 0.006985905822488283, -0.3198457929880183, -0.14463978854184284], [-0.004313141096236398, -0.01166754194224147, 0.020942478490890513, 0.004973524618815596, -0.6964279759147974, 0.0018095395378434425, 0.050904066680760106, -0.012332811011208918, -0.014279250253381382, -0.013254385936130856], [-0.033760933673005096, -0.1071032920815028, 0.7208264585347376, -0.6083801180713585, 0.10197376332535456, 0.5763584825945183, 0.0831113665321041, 0.010695241076154086, 0.26629455099755417, -0.08537541081836225], [-0.07704102701118633, 0.06049084099403909, 0.04272213447229472, -0.10966551114507603, 0.26404729586836423, 0.4006287583573098, 0.24772817872276434, 0.1013210084801167, -0.12891267278866653, -0.10581408366882733], [-0.0119981744506976, -0.014971524430571075, 0.07965120706007467, 0.09388957260492688, -0.10926226165587431, 0.02878802296072437, -0.001042711735192729, 0.29285963417280886, -0.0031259355106948643, 0.007120006771924151], [0.007156984672445597, 0.032231255085454706, 0.030766076171401688, -0.0489776496466932, -0.028295046200721142, 0.040596897432490835, 0.11991370033623978, 0.2973364934342015, 0.25643077615596105, -0.00219327157252587], [0.18778736824285588, -0.11743563300292889, 0.010290931119024755, -0.14535824747321396, -0.046782606864570316, 0.1924541967482531, -0.040674652710769386, -0.12081143915377271, 0.10928529797642426, -0.3114886270854006]]),
     np.array([0.010801311062316278, 1.126151093367692, 6.465918764760058, 4.900956238990304, 0.0031867738614205082, 11.088698943489273, 4.033467595651029, 1.8330643345663187, 4.929693468563385, 1.8883315112058232])),
    (np.array([0.95349284136477, 2.1566907026759483, 1.5839740180019084, 0.8481864471629277, 0.621943424904323, 0.27688521377935343, 1.2560721608285825, 0.570685852524354, 0.28492713360305694, 1.5841480869874556]),
     np.array([[0.11961860121356692, 0.09418568868075501, 0.07005741687909202, -0.10671501932575278, 0.12041732865584286, -0.06670276592736597, 0.09229855168371269, -0.11154090163256344, 0.021618922037871784, 0.03750535319242953], [-0.038277934457868826, -0.9710369276062397, 0.03489117305829229, -0.11699827795250285, -0.18366726539932648, 0.007341565858267583, -0.021812620694519873, -0.02119097691195743, -0.0653790168412086, -0.06125294382195901], [0.001973607910784662, -0.20741997646029403, -0.49595109388110453, 0.0423838141514483, -0.2266135696696408, -0.033659181081076656, -0.10267100017248196, -0.059994902166172266, -0.027363733453302244, -0.07750245244871261], [-0.1645114844359769, -0.02641698163711861, 0.12174896049513086, -0.1879894249515227, 0.12069235225511658, 0.28521141943594575, -0.031207963040493916, -0.049633605942228355, 0.132166378308774, 0.012816763161230168], [0.09382466194551567, -0.012889713451619276, -0.07153079103645951, -0.12666555512040098, -6.449941137143741e-05, 0.16408504208594224, -0.10301750822783584, -0.00393675975752106, -0.00402650991079327, -0.04564001478412722], [0.10880548642434702, -0.04716722697705724, 0.6262666079711107, -0.4243224086470719, -0.1620971032617216, 0.4785474740030104, 0.04509064733484507, 0.02736640025900197, -0.009765129582529668, 0.010504284173230481], [-0.06856258756623224, 0.025266443613688818, -0.1454610400368388, 0.08624686365488249, 0.0025133696235278553, 0.012450900190093891, -0.20523970949291334, -0.059694910800180405, -0.1004566832258942, 0.0775544017008631], [-0.0012831853163096374, 0.04579715979560884, 0.06218287157169191, -0.020881918104063587, 0.0010746624506940638, -0.08188641159020991, -0.011870445413009866, 0.4984578148944152, 0.041909367714284225, -0.043793157924587774], [0.009030025198414803, -0.05490943685171083, -0.03649972608554415, -0.00591950707740919, 0.09892585996994098, 0.12398792474685898, 0.07028541039599255, 0.16429236733407176, 0.0995992181420808, 0.02289246150600227], [0.013171514651243842, -0.07255516783194524, -0.049038854233423926, 0.021244557418751156, 0.26000558151196657, 0.14747175784508254, -0.0052060438989242975, -0.12346192166227123, -0.16776183440709974, -0.10677040711418455]]),
     np.array([1.7150728096539862, 0.7371894404963263, 1.93384740985043, 2.4061594044308614, 2.420161324680935, 7.268286584108314, 1.265028284706613, 1e-15, 2.9326315625722015, 1.6860277893777182])),
    (np.array([1.0038180634345633, 3.5829079853965626, 1.3820694036056151, 0.7949227982334469, 0.5776137882280835, 0.30640651497490284, 1.0694482244616954, 3.291579226269116, 0.5597352830119913, 3.4994733959747553]),
     np.array([[0.03226482512987623, -0.07304714195343992, 0.1492585308012327, -0.021996902453690036, 0.10286259782369597, -0.1422079154399499, -0.014076291742594407, -0.09259414568331602, -0.10375933984389854, 0.05055261304152897], [0.05841203526795076, -2.3593165433730636, -0.04103938532150979, 0.011000819711099287, -0.04686810233676163, -0.09367292825442945, -0.023807485023600767, -0.014831608540394304, -0.01384882577944016, -0.10087950056390724], [-0.03634132997490515, -0.26914219477568846, 0.009596575851744671, -0.16793217001432784, 0.11941579041869041, -0.15820422492171926, -0.15711019387139516, -0.15214457265783282, 0.027685096348223547, 0.04035462938281933], [-0.3233408648746528, -0.1324118011156024, 0.5516620768403664, -0.32832807434049693, 0.2756587034046797, 0.20058351174000905, -0.0746289660828424, 0.02672785782685039, 0.14108637640990465, -0.07489438797715695], [0.7258089453555655, -0.019005839816781247, -0.009540457951257504, -0.246746788993379, 0.2609584191170284, 0.08458644271520471, -0.17866053416941585, -0.1654750478521493, -0.6316105890861381, -0.16977620103881474], [-0.04480332307191386, -0.07486278802507468, 1.778602847095893, -1.6747685673178088, 0.13345173593056872, 0.5613422391420411, -0.13443927452829313, -0.05031134597732222, 0.11773217582638287, -0.011863470291362052], [0.05886965968494338, 0.0035390380452987153, 0.09937531175713932, 0.0268928714436294, -0.022155368833876695, 0.7622360533358273, 0.06848239552781202, -0.06674870307244693, -0.1037078194787815, 0.03381598955711177], [-0.029743937673134716, 0.016746851615079453, -0.023433520896440973, 0.009183936078650898, 0.0012120034069917156, 0.034964542127386214, 0.002489425610990087, -2.2465128851826286, -0.07486112350814174, -0.017211389997661454], [-0.005567934151485894, -0.015504105684322644, 0.005095229481856625, 0.0195487995527748, 0.0034400538835465864, -0.028174242923623614, 0.0130696783830507, 0.004042366122547031, -0.22655556243506905, 0.006634958815128346], [-0.07910614359611008, 0.013287879711220977, 0.009563621159327542, 0.00870572229385806, -0.0013338060004519426, -0.057461293670629965, 0.060790481391201065, -0.1358349039739073, 0.09603728600522259, -1.8986438297901915]]),
     np.array([3.2813134867403817, 0.17646321268481854, 3.09286522107185, 10.975597837271216, 17.454374045849725, 21.812612867460754, 5.854852810431617, 0.01791016186940894, 1.400290185631428e-08, 0.04414177144705035])),
    (np.array([0.7080573381691958, 2.0088426174433467, 1.2000839409106374, 0.913532002320993, 0.49689654770152897, 0.33319484544910904, 1.4424464959712155, 1.209906750575456, 0.21823260981148204, 1.557490992339664]),
     np.array([[0.3156873805458982, 0.012386817337213559, -0.005952788071923494, 0.059230906465937296, 0.014590174435973175, -0.15533739407872083, 0.03668144273767539, 0.0011193501452544561, -0.09927383124854007, 0.021002258865596618], [0.0393694237228144, -0.8728494223323712, -0.13161599157016932, -0.061596550668539925, -0.15745138548239093, -0.14988356184763524, -0.04723272557502914, -0.060318544451089764, 0.23213497655724616, -0.09798172506468236], [-0.016872775109874703, -0.25667012087904795, 0.2604167221456534, 0.04219853919228404, -0.08803171686607077, 0.4362715086719655, -0.06907435893282488, 0.11993579808042473, 0.12827952227468156, -0.03950361540588939], [-0.22715638503064833, -0.05694515389344428, 0.2634243879923434, -0.3327967873294231, -0.1000338346898136, 0.08892121309562857, -0.002365462322711607, -0.04234719541100803, -0.2266743912202219, 0.0389545757846245], [0.030926436965527004, 0.02086560466073807, -0.00786432266276613, -0.07577391349678524, 0.051098808554957416, 0.005733137794548704, 0.05600824621777941, 0.061483860623484925, -0.0761048074640674, -0.023787952412348202], [0.021386953040285317, 0.020803717734295103, 0.47049500138397826, -0.5008260519631705, -0.10490779855296305, 0.20950298431320555, -0.03128752276531834, -0.05066721338755432, -0.005307026433131825, 0.009165515359540247], [0.07618770991224993, 0.05613073533715339, -0.15715205159617568, -0.04723395028010189, -0.09846397730916842, 0.08244949852752173, -0.4303235940998663, -0.09636187583639756, 0.08833138586557349, -0.19696990982644588], [-0.05289795338106408, -0.02830194132534119, 0.07699427735529657, -0.026539201098702146, -0.037128737035582, -0.08434931999167629, -0.002131498707594823, -0.13946755149401, 0.040240823771115486, 0.00445023489626508], [-0.002013872755529194, 0.0034338425686245596, -0.00749813474932516, -0.04423695293215086, -0.02295736510706214, 0.050840217789158516, 0.022813689942119346, 0.01756517954602798, 0.14680438158314782, 0.011731613534415692], [-0.013369469613462973, 0.07441615095178679, -0.0771035377424099, -0.012403896271954245, -0.031065357016915037, 0.10913921299150751, 0.05330522556545427, -0.07862152702211674, -0.14440903504028907, 0.003495750006101853]]),
     np.array([1e-15, 1.1999238166494293, 3.0863600754167746, 3.3139140575127115, 1.2742001092507012, 6.556137150007439, 1.9613871217140837, 0.13495046297252325, 0.1470255412798552, 1.3720096914825666])),
    (np.array([1.0902288373729225, 1.2071470954387817, 1.6232126460309597, 0.7017480017314959, 0.4327384930952903, 0.37671288669048164, 0.9085047498277974, 0.584574087117008, 0.1416727684940187, 1.6957402478844337]),
     np.array([[-0.01653130499087116, -0.0698864928739013, -0.027079205740307623, -0.08379760821365745, 0.01683723356261523, -0.03218645241308885, 0.003133171260811021, 0.07389381163960639, 0.05162192577396743, 0.031997372428837954], [0.21050703940359564, 0.04065882210671069, -0.017802633985142733, 0.28016915291219396, 0.2165106822766138, 0.29643768938706233, -0.08059503911579852, 0.020389320376598675, -0.12060690909632504, -0.011681118338015753], [0.03847479943888502, -0.45512811985769075, -0.4257714773947008, -0.08076233088172854, -0.2029830566125746, 0.08165887036173122, -0.1795621739777893, -0.06982738386834471, -0.31569760995124846, -0.043915287763059474], [0.004020387098752599, 0.028236143987248715, 0.20032610923264052, -0.052388341418687284, 0.07035778173420248, -0.10350703971909105, 0.1497296784771003, -0.0691165482107497, -0.004391328266374719, 0.040197056361309554], [0.10116579815770747, 0.025624087387990692, -0.024499874868637646, 0.017979780112604222, 0.18741218323157918, 0.116844034608356, -0.004573078703656944, -0.015589599921462744, 0.0569032448312033, -0.05954867364722449], [-0.016845260593075232, -0.03067814950857488, 0.5725150876492907, -0.47884888313771157, 0.12987018736690495, 0.060925755683884635, -0.029096633513500895, -0.01749985101578358, -0.15722219581900793, -0.09608647799051148], [0.1733913337175746, 0.013286123242527747, 0.04300115198958629, -0.015315397113484267, 0.07122536355160033, -0.0198668728519963, 0.28150146270705345, -0.04292627199738029, -0.0059523779559318285, -0.006341254168099178], [0.13577816932506656, 0.14282304011310154, 0.03611616401213022, 0.026149874259768544, -0.127619145545683, 0.2215903736873714, 0.017537659062906205, 0.46735627538468655, 0.11122045654490166, 0.03300404546983771], [-0.012357994129154932, 0.004741891734793119, -0.018284742167656725, -0.0034051795929942483, 0.018617546747782335, -0.018482855217620286, -0.00288650473914807, 0.026532760265516934, 0.18990439528866723, 0.015974855881528333], [-0.01796426907558599, -0.0657085082109229, -0.09766415659574482, -0.019196924333984677, 0.1753603821702118, 0.1916446230183026, -0.14891699794418298, -0.11135600199351628, -0.02097778647111847, -0.03152345842844934]]),
     np.array([1.284466640147367, 2.396435086478251, 2.866026698189556, 2.2846753298175053, 1.76352700016536, 6.018307403141158, 1.069149312259078, 1.2682707552275476, 1e-15, 1.9476128316258128])),
    (np.array([1.049840648174629, 1.2619386007762643, 1.3066221496686703, 8.367146570514233, 0.41823676340376764, 0.3226034292771766, 1.1560514167305462, 7.689523263011341, 0.3067060373370536, 1.391452802635296]),
     np.array([[-0.21360389455477638, -0.07244747233115433, 0.06724928829739323, -0.7055245445042985, 0.6793932853273541, 0.17241584395214113, 0.18258291973881197, -0.3415966651484496, -0.0846789568322024, 0.10264761762256581], [1.1523948986622405, -0.9483099372740933, -0.42876468798664163, -0.027096898721646882, -0.3322798719056654, 0.07940391505949129, -0.036000978972107, -0.35493770872511743, 0.4517675256668996, 0.20877042167642904], [0.10174132437661043, -1.0813307999434205, 0.39239016318219916, -0.0049481297169376, -0.3753125870918933, 0.32599018666829943, 0.2550532231222019, -0.2489315423111405, 0.1535843834359232, 0.10535722532605143], [-0.013619676282555107, -0.03048879151709906, 0.021182560385969468, -7.639435131864226, 0.12724938054047163, -0.08503430149518539, -0.023329589246432775, -0.0018859918890058074, -0.03946164829885085, -0.003939130926890644], [0.13155080485096074, -0.07238427550777629, 0.06019796715743382, 0.07945807765795994, 0.2039752300959529, -0.03459680271780494, 0.00043481986615446366, -0.02718104315298224, -0.09000756891927839, 0.04032874414855217], [0.07717800610655243, -0.15951926264534355, 1.196949030295492, -1.035412597745501, 0.18912243963415645, 0.6242207344742775, 0.059189672714717215, -0.1265970665482632, -0.1860232408054517, 0.04802750867637764], [-0.246227556516836, -0.29789330147198934, 0.4308804804212017, -0.7083772081657566, 0.43289286753361594, 1.2381799311030006, -0.484258922456083, -0.3766059255524704, -0.41393243412587055, -0.3328036317385221], [-0.02384017397694332, 0.002866570502139681, 0.02351437508492889, -0.041786271145953506, 0.07219911807511385, 0.02383538018143874, -0.005984373526320769, -6.659647796384091, -0.05331363531251653, -0.009063445942559069], [0.01748107123710558, -0.05121875328154474, -0.07937150504006464, -0.02773259771610527, -0.04411980352625232, 0.21054687858583154, 0.13620057603785965, 0.14046329672236035, 0.016545846607695546, 0.06096112639227986], [0.12474205515379339, 0.11848259563522347, -0.07323117655474479, -0.1478209644133231, 0.34252341696082717, 0.03671389194715276, 0.0740730496859023, 0.1594949249359107, -0.0669419807763452, 0.4156511226263162]]),
     np.array([24.8774644207879, 47.25000834330262, 18.313449877310312, 0.017973487376313678, 1.6075738406938553, 17.003758616931997, 36.66816217766055, 0.0032231791152496046, 5.558659846364989, 5.8220548798416125])),
    (np.array([1.05292705662899, 2.2380307606419843, 1.2627595448290239, 0.7543969282960945, 0.43644003196761627, 0.3159353445081828, 1.2054351872554738, 0.8719763848606454, 0.27873795620900826, 1.3947387170926855]),
     np.array([[-0.06903243393965014, 0.06550175489119764, 0.044153825808782625, -0.10544137048086732, 0.015634620839567185, 0.05045439711609865, -0.0733010336911447, -0.00475036337639886, -0.07434256628817373, 0.015139757165193465], [0.014245074814222236, -1.0059428841370204, -0.0313421210970211, -0.05451268948780369, -0.036588960593931776, 0.0088664665453865, -0.04933500309163329, -0.08421310864802731, -0.0740196859150777, -0.060195109239056514], [-0.01206511631582193, -0.3801966177048949, 0.03717149278816386, 0.04654476552502969, 0.2633880023647646, 0.156795074683927, -0.08718647542334494, 0.035660000770675805, -0.19230725841905927, 0.029633035552942357], [-0.003977603035518347, -0.013068556320435602, 0.14711631252924193, -0.17773572458687475, 0.06701936258065802, -0.13140601142912342, 0.04845703425230319, -0.030780376150037102, -0.005188142705041364, 0.045832209786186365], [-0.05522815342878113, 0.05917180753267895, 0.02239388585810005, -0.16029699755144422, 0.2374429546171226, -0.07177705658685511, 0.12061874024686378, 0.0037915948169723853, -0.06195333721199937, 0.10445858762305199], [-0.05819642079491004, -0.1151157679853592, 0.6241757181280763, -0.5619466226556298, -0.0062407812515163944, 0.1248162320725986, 0.10775043849028787, 0.12320995515915054, 0.33989207787965264, -0.05907877876593495], [-0.04552902545365307, -0.02437037669614696, 0.07196812272594628, 0.02821124023946122, 0.025849073968821072, -0.03162863930285656, -0.1838761215627955, -0.09196965801401065, 0.04134240152669669, 0.0381147847099263], [0.012025832122510342, 0.01929054928966292, -0.02691244405917031, -0.02339875208609765, 0.09339630000460428, -0.11106849881369393, -0.010007545734142366, 0.20320730713647642, 0.12364672558023718, 0.01739867046358658], [0.09971525200330103, 0.007333381537448728, -0.07964754519275369, 0.020959293462701038, -0.046451509930158126, 0.08238152647579797, 0.14804570994374694, 0.21019042739280885, -0.04316919406009014, -0.057030893049949766], [0.176708335698271, 0.3092138803927396, 0.025945335296157123, 0.019745136872170364, -0.019137905288778952, -0.1384369918322126, -0.16339929557994232, -0.12046364563927497, 0.12833692905543473, 0.6554072542511823]]),
     np.array([1.272914069860231, 0.44954766557787296, 3.4754392035684405, 2.1548904225949777, 2.4081521450733754, 8.829831267308556, 0.459824313898597, 1e-15, 4.795801703200224, 5.383849232634774])),
    (np.array([0.6587881388603023, 1.4558710477100592, 1.1429010457621194, 0.8845840995604023, 0.5542752208887526, 0.29881670644481373, 1.2508621274534861, 0.9841103486420087, 0.2516885551306384, 1.5471587527882182]),
     np.array([[0.40998889928113497, -0.0504035438958308, -0.02343238322024038, 0.04731163389198695, -0.016489891279475574, -0.007727183930025837, 0.03690302361696507, -0.007663989358358259, -0.053771400054186264, 0.017472152196960397], [0.1745682377808247, -0.45752600394780923, -0.12100261670976348, -0.06986267397432855, 0.1381196322457626, -0.1009332589618453, -0.0987899335113403, -0.08698334976221077, -0.09568721554656748, 0.10363596833094703], [0.053255755981903574, -0.26840734880389017, 0.2558964537882872, 0.15287544005512715, 0.13858240370400385, 0.290708863683029, 0.033707648374730004, 0.033718912138867435, 0.11734167782624348, 0.02807289969013827], [-0.028996800564554025, -0.03496097410885726, 0.13401215635611916, -0.17539052675465974, 0.012969714566034846, 0.015657960587962597, -0.14363758422943143, -0.04186512561212246, 0.11216862987204473, 0.05920773559741785], [0.18264512965137658, -0.034556790924378654, -0.06481728151065735, -0.07343567427581298, 0.1480002464233454, 0.07333067712540983, -0.017966138488759262, -0.032458154592526586, -0.020383232609961253, 0.022603531738226882], [-0.07293761089233057, -0.13396442411140969, 0.6174009185747892, -0.5790554107388918, 0.203769094078215, 0.2609246686274089, -0.1481318237922357, 0.1641980648001634, -0.16168793261974146, 0.07525621028895664], [0.013534660723838366, 0.0007392701970210942, 0.0011082302024055595, -0.12406403233219383, 0.0598911718310911, 0.15413956501159948, -0.19423066849626852, -0.1139632205275721, -0.0005521015806059399, 0.016129202614620277], [0.04451567995614834, 0.052532286086533986, 0.03154311301287766, -0.07770829564179152, 0.03735090079166193, 0.06009545135196148, -0.08848032844821764, 0.0982190473333514, 0.15183678063020736, -0.029182992719564725], [-1.3301424579091922e-06, 0.11413515004293656, -0.05700822057652125, 0.06782297562622268, -0.09290244369625324, 0.3158878365565618, 0.23547447506540514, 0.22868306850063871, 0.3525345228313102, 0.0137882758093109], [0.02167044103028778, 0.03208224622235951, -0.1349634261391433, -0.05599712541018878, 0.15999973125063102, -0.04313510068780623, -0.014477925953154678, 0.05396900525254837, 0.2951142615038706, 0.05157972303083894]]),
     np.array([1e-15, 3.944966713601853, 3.295745452795912, 2.3077672377619955, 2.859222959600368, 10.316793736935297, 1.1620952551590806, 0.5245388410142757, 5.777472198103804, 2.1117166154360567])),
    (np.array([2.230774008603421, 1.2983426906887816, 1.3067995973550743, 0.8366587284424546, 0.49716252983822173, 0.2887164722112487, 3.052800550685619, 2.6568689252329163, 0.30774712884912087, 1.3588133721736169]),
     np.array([[-1.3284327398789846, 0.0073560569366481025, -0.04011793569885315, -0.05350695237551778, 0.0783029715429273, -0.09173759875935109, -0.03118854278442819, -0.003616084068619711, -0.06373486550723358, -0.012122038142956466], [0.6981004412612698, -0.2952827225164172, 0.023392060932407935, -0.016938331043420796, -0.07891465919400482, 0.14790769849986282, 0.07090474611653913, 0.21615576763033956, -0.12816042002397598, -0.01547117008789148], [-0.05174102342745523, -0.0854273459096172, -0.21191304791289983, 0.0638344951750425, 0.09241523176273035, 0.0780866363676558, 0.04110413409639468, 0.015199649001224044, 0.135765825141973, -0.03149428131933414], [-0.05558554769025604, 0.1521092449306062, 0.9834995835178216, -0.9010082689799823, 0.41349291082255024, 0.42036231559182646, -0.31450205696488903, -0.32152258394244004, -0.1812983925807688, -0.2717327285554569], [0.9163740043790459, 0.19026013256319868, 0.12431760455361655, -0.6081845575839954, 0.8140180080412301, -0.37996928227433496, 0.20028311383404673, -0.05948705492514143, -0.2431926207354012, -0.22107330203377767], [-0.05558852293050352, -0.06080957978657895, 1.0392970936067687, -0.7597419936161022, -0.1381841195480067, 0.19368754930391716, -0.08242044622642361, 0.12467534891661151, -0.06191972274253049, 0.06360984762537206], [-0.025622628945885434, -0.06160506648745978, 0.03529036373306806, -0.09602460347609665, 0.013053530590641052, -0.01568346958774202, -1.9567432289586075, -0.00835222899853068, -0.09618060489322491, -0.018666997951514063], [0.009204325954042105, -0.021820567443775, -0.0027510281808038315, -0.023108633332473733, -0.09879428896609249, -0.07741732678225609, 0.02661581635012882, -1.6393292879865795, -0.1020864278206395, -0.02313485926178858], [0.10951349694421442, -0.10943230681872768, -0.05634876206282203, -0.06297229767942467, -0.15277849987406908, 0.21346671522101063, 0.2510818996100072, 0.41604759873042774, 0.014701308523278823, -0.013957169911278844], [0.060234080275550765, -0.0007395251825070773, -0.12004681226156452, 0.020609715895261338, -0.1077748565913712, 0.08756901183202162, 0.07917367224668437, -0.026806305111206352, -0.0235937376795425, 0.25944603033130265]]),
     np.array([0.16847500854391875, 9.698758310938656, 0.38178435338541294, 41.758125761221926, 33.871274208368064, 14.927671840351465, 0.12293104703229725, 0.11087246432004084, 11.7434859895733, 0.6397867102114582])),
    (np.array([0.9340354794165543, 1.2906554838872781, 1.0683735080551442, 0.8996318700294635, 0.288391426139085, 0.3037325842203089, 1.0999330570223897, 0.6568514808218322, 0.32071384392461333, 0.9992798164081164]),
     np.array([[0.14899053283379052, 0.008254023368707938, 0.011514499250879903, -0.09826131836187177, 0.09868893952479231, -0.12081231839978969, 0.012342431039969138, 0.031797382802777205, -0.015096784174212712, 0.01727036763534502], [0.08089927623300389, 0.01301676844894911, 0.02766440202499945, -0.03251155509517104, -0.08819310215680688, 0.1042180972982124, -0.08184010984517967, -0.01929459928029572, 0.1364960137118827, 0.009580792125197333], [0.08479299626541792, -0.11085407075470673, 0.3141756925718424, 0.14851894863971707, 0.021849130188506885, -0.1984376866193746, -0.01897572185289322, 0.02490074323239987, 0.10073433778340153, 0.041969270288060564], [-0.08732086101246982, -0.06723447391866225, 0.08486705258655222, -0.1312993598902704, -0.12276080163846342, 0.10281859510141683, -0.03663807256287167, -0.06603283624024718, 0.00796172785696182, 0.07173020077059014], [0.15447031945710313, 0.0004975111975540238, 0.08040049091340545, -0.05810975159573015, 0.2607585573381787, 0.029912306600251855, -0.001179206242625144, 0.031506826955342716, 0.10689471339135057, -0.013038764441488875], [-0.007821463084804041, -0.08776137353020885, 0.724872191088912, -0.7741119777829829, 0.1313763873473818, 0.3721204878803561, -0.04360010556997376, 0.12581143828751667, 0.09178921696445948, 0.01725159684736401], [-0.0396804709154277, 0.01509992417149292, -0.012522831875828259, -0.016809308804651285, 0.06938817902689498, 0.26620308508754803, -0.10241466395096352, -0.032915325958279014, -0.12161304497279656, 0.052734417031481184], [-0.037272052638034764, 0.05196000998173173, -0.005836685497210076, -0.08504117401212799, 0.08516478598188056, 0.06074430834933723, 0.017917510961690267, 0.47638880725444765, 0.0706664839418475, 0.04085430809803624], [-0.02984988938649582, -0.03165033104842796, 0.02107080195990054, 0.045575056213738155, -0.05589992561586603, 0.04775666295900716, 0.0083453721314687, 0.040986662600599126, -0.0015529601171748507, 0.0044606575781449154], [-0.06813661372779889, 0.01200688669943048, 0.060551638545821365, 0.12456142165504336, 0.08611765260128518, 0.1749237108788026, -0.07295164934708481, -0.07904021695528689, -0.07790399056278798, 0.5785895191155266]]),
     np.array([1.231725140745606, 0.9925580110501112, 1.5757429065198234, 1.5742996026084362, 1.0781838410903033, 7.802731947643992, 0.9592830027636614, 0.7002625305117969, 0.8161737406102423, 1e-15])),
    (np.array([1.00238688797893, 1.3147591012176743, 1.2041958158766004, 0.8575996135720416, 0.46687117851692306, 0.29362192744162774, 2.575134413730277, 0.9920028641021379, 0.2703057056194067, 1.5010618124840638]),
     np.array([[0.7357125520010764, 0.00602446556430951, 0.03354137674709446, -0.6746236292665896, -0.04764036603490779, 2.2560498708722934, 0.6248385272377618, 0.06450610471811502, -0.2522362424278181, -0.23979515421350975], [0.8734607391792351, -0.5203213806847713, -0.6500634341522569, 0.42645281290435294, 0.6338038007693664, 0.8982224377593954, -0.03467232161068739, -0.35294449675395695, -0.3600943660540708, -0.1459898034853272], [0.19101603164315228, -0.9004693314884908, 0.5707252993480583, 0.028157263218360973, -0.011146683495239063, 0.23429234895251597, 0.2256900296963672, -0.14520243237221356, -0.17924754073817076, -0.055363395763905775], [-0.09698149401126017, -0.08881023529675552, 1.0025662797995363, -1.0515790967278575, 0.11429007252401181, -0.1734449129616909, 0.031672707538577725, -0.39415293778543725, -0.07726274677045986, -0.06921288265430157], [0.26382963790832875, 0.13757975308029238, 0.15014749360442028, -0.3970758812799354, 0.6266055194853224, -0.13781039028504907, 0.1450618436112268, -0.033733206584900664, 0.5330148176775827, -0.018508480237870346], [-0.2925200263809685, -0.16042712181123267, 1.5520806826412732, -2.2580120232906458, 0.2933016315839851, 0.38962137079443365, 0.12250295988695896, 0.2039763538408999, 0.09561972986643669, 0.11084456289150352], [0.013699805622891489, -0.032773954377035217, -0.004410456575436659, 0.006630939855868321, -0.02694183756091872, -0.008181025203702324, -1.4213664534908137, -0.022352231584085155, -0.11724958283216852, -0.0022482662093464534], [-0.1423073830334612, -0.25338881159268334, 0.09084721034400188, 0.07646665738524032, 0.23622178592120993, 0.11728434208176781, -0.015496316175861547, 0.8652308539999607, -0.3157795265247298, -0.03419653277962582], [-0.07172835501450933, -0.002375758390876677, 0.00179085316393771, 0.08215052774240195, -0.02971852028019143, 0.16513077900674572, 0.08017871546621848, 0.2515852445610278, -0.062172724943219015, 0.044144998616697635], [-0.190145070026111, 0.24724955551996633, -0.4537222174090546, 0.11625333456169275, -0.4520307237949767, -0.003959202698205704, 0.14661102520669303, 0.13452340012988181, -0.20888466395842353, 2.154837022692974]]),
     np.array([49.797979202392895, 41.794163542719815, 19.70286599361445, 33.67229421876811, 11.184229862168388, 22.02342729662718, 0.09314385355538815, 13.881214930517906, 3.738975546106759, 65.18284680753136])),
    (np.array([0.962453713731995, 7.399148333192369, 1.2424896322057928, 0.6468101449548062, 0.5114057077696101, 0.281964770189292, 1.0870223610579455, 1.0117065889833132, 0.296963122096201, 7.230270752627946]),
     np.array([[0.4369599017128613, -0.030090152987140736, -0.360651131304397, -0.31076469042390015, 0.21186194887454357, 0.8034224912053609, 0.19450091390296922, 0.1280161507167793, -0.48816430227361063, 0.06493304801776818], [0.04387942635095607, -6.234193508448477, -0.06271032532085788, 0.006682181078621955, 0.03607419256880842, 0.11962395809328592, -0.10118933786999754, -0.0040882393564516655, -0.16232617558889817, 0.004218147714517597], [0.09786176988251105, -1.4314350526920325, 1.461115788046205, -0.501802204327201, -0.14704332755308933, -0.10817976732514734, -0.07361319119258568, 0.35905550370829314, -0.6543759470512182, -0.07328186432877], [-0.010409290380277554, -0.04871929503624307, 0.0183000935516529, 0.18797664523006102, -0.005817896652434221, 0.02148253973409049, -0.0029782276155511937, 0.04980440739729591, -0.027786712936770694, 0.020858850633227597], [0.7955942496069514, 0.195735882210192, 0.10148487481984343, -0.4230012098878103, 0.2106543480582738, -0.06413742977965334, 0.20091241069210666, -0.13734369099826502, -0.02957708228462651, 0.022831664284148852], [-0.11631314010067074, -0.17932578317593756, 1.9762277338593002, -1.7296826287771736, 0.120757928352254, 0.8261664072261076, 0.118186526745801, 0.08383344676014025, -0.06277645340191411, 0.1288387990821755], [-0.22270416046910893, 0.15563976045237637, 0.11405055755007293, 0.14607403680217673, -0.21593190254260924, 0.8235304135995072, -0.13398085714487346, 0.019928843416226454, -0.5388911626501496, -0.02564786891499393], [-0.10017394675807195, -0.0676609308762096, 0.011499747577038406, -0.04761240522542766, 0.01222099137132735, 0.0917668662027552, -0.265458170162139, 0.6942943539931755, 0.41628189806554544, -0.36312006518308604], [0.005036862175458912, 0.08589437701810523, -0.17293203072936875, -0.2360745307510702, -0.2705983156026682, 0.777762640323572, 0.47983165078682977, 0.5795527935697441, -0.13551074155572262, 0.21554243598642275], [0.028423044829514653, -0.06866483071151137, 0.02195647114654903, -0.043988408784972635, -0.06086484454292833, -0.08318439385002174, 0.028542586588303675, -0.09947740201360478, -0.07642785999956873, -5.693736127280382]]),
     np.array([19.081373344087257, 0.056247652057410905, 39.57779812226903, 1e-15, 23.02889779457679, 28.522264022696625, 10.929774614720042, 23.953582754556678, 25.95431998807099, 0.04463093948850799])),
    (np.array([0.9622191927230199, 1.251613527205427, 1.185108168951558, 0.8383021376770051, 0.4798979215370239, 0.2908655118602422, 1.0765029784631779, 0.9651310449079745, 0.2617579928996006, 1.4648595780292166]),
     np.array([[0.8586812464002399, 0.3961727310934239, 0.179114116112003, -1.403007960530865, 0.2902802562492318, 2.116398163256906, 0.25555693561744935, 0.5098806175553704, 1.1165261322925406, 0.019654176830003558], [1.6136606926932513, -0.4780804148689825, 0.5174232124362593, 0.8335709104466578, 0.13877692224465057, -0.23029572371521992, -0.21578483988129218, -0.2819761424787189, -0.4682280463993262, -0.025038369193607513], [0.2244263450421549, -0.794304063742961, 0.6940322797429803, -0.061494338395513624, 0.08743779640270424, 1.3447542424824728, -0.027647547402967723, 0.06810088056693306, -0.1205612485753361, 0.11424221442877706], [-0.25330602941111685, -0.019875665290211796, 0.6482494442216908, -1.0561905093925383, 1.1179953118172525, 0.08994337140640123, -0.7196756156594519, -0.01959542714191225, 0.5683632018233327, -0.04637354601961848], [0.8026182309397843, 0.05010422296121039, 0.04293955125742413, -0.5102468665213156, 1.2202785779114111, 0.5279402114536189, -0.05141722980009936, 0.24356415092036685, 0.028551299938988427, 0.1242561621162823], [-0.009440294515795962, -0.16370097885894422, 1.5376565678754615, -1.2589096078214752, 0.05750373298102956, 0.4063334268599496, 0.020203414350499008, -0.02272567500160125, 0.10322184228268184, -0.0496565652649304], [0.22398737057907986, 1.0826410684530534, -0.016428466952181104, 0.45378768990259444, -0.8995185107658846, 3.804642629198757, 0.024088595850693954, -0.6921227975513857, 0.04934025388150747, -0.5877865045485183], [-0.17846427871263812, 0.20986081999177542, 0.10122659136897234, 0.11495799594116653, -0.1695490526301736, -0.5884987507279834, -0.11584279092539686, 0.9271930688684219, 0.2909260315718605, 0.13269568746252655], [0.012349929363807516, 0.0022940102522605327, 0.11060680272760114, 0.1627798205202771, -0.23625443016743897, 0.17235924502073463, 0.4392154345347594, 0.4589111241871939, -0.21254227325888814, 0.08769925401305889], [-0.08943579842088349, -0.26663126321457975, -0.11496719518101876, 0.53579618157635, 0.5405866616422629, -0.3703768908199272, 0.08726503969609789, -0.2647541318887952, 0.7234899445582179, 0.9443479148513497]]),
     np.array([85.76910759288691, 21.10229774209618, 21.970154115888814, 66.2013436440355, 19.140121477571736, 19.155025579068564, 86.15725952149299, 11.75787419907708, 17.591403788738067, 21.361659213826414])),
    (np.array([0.9408051015653859, 1.3187461507421665, 1.1463209329868904, 0.8238231191244488, 0.5228019357686867, 0.3202465653775654, 16.876758899373666, 1.0428564257463093, 0.28388633438923744, 5.657710075384084]),
     np.array([[-0.11585745520799276, 0.3388204762569131, 0.14628077538421422, -0.2759204024320764, -0.16940006544140265, -0.0030677330598860323, 0.12056106293421658, 0.0055915117862789365, 0.5790914061974965, -0.06404261566735232], [0.8297950677539564, -0.019426467610462437, -0.43815983936003533, -0.1239557116817079, -0.002832258004743046, 1.000767902514027, -0.09809357183205401, 0.3512396487619472, 0.19202365240952177, -0.08794120459947291], [0.6596276062727225, -1.1102127792737495, 0.8973306613645555, 0.7323864122676782, 0.02128015626306713, 0.6323768801220969, 0.15164404322572259, 0.14307792537382183, -0.26829895523995945, 0.2831341452923955], [-0.6077143691694954, 0.5278548107495435, 0.693988786352168, -0.5467764005120088, 0.07459912246086282, -0.6034075767155821, 0.1668761775220459, 0.011759375527606189, 0.2427494891551562, -0.2693080719622722], [1.328658387929708, 0.05697193842985823, 0.06284405008722595, -0.647282154098634, 0.6249096077123978, 0.17669290456143336, -0.1273208723192805, 0.03955429129812662, -0.674403399491976, -0.16699952185124048], [0.002053192855558973, -0.09302953747840366, 0.8603603805979796, -0.775835698040986, -0.20185071922828013, 0.7589279492730459, -0.006752737674040082, -0.11759677519261938, 0.14672174980428046, 0.02505617963701576], [-0.06865953936302276, 0.03886111543419143, -0.06610991193834383, 0.024061910628077072, 0.08262889762815512, 0.011479563566422926, -15.850405900525061, 0.028212995998035346, 0.007175676112063891, -0.025471905417194747], [0.04893326221428418, -0.21504625805783328, 0.0019906201036654627, -0.18257766954015156, -0.346155261289865, 1.6591842131088577, -0.2940858494554007, 0.2929865677251945, -0.01766238115231464, 0.26637308144361427], [0.012599702215108453, 0.04708613877587204, 0.02005112759087885, 0.003695817982427005, 0.025112358039465738, -0.04411736994905274, 0.13906984804995137, 0.44488665560292956, 0.06294073491720986, -0.03691538260801803], [-0.02619806276347706, -0.024993729150756136, -0.024735865234112402, -5.374854156504453e-05, 0.078494848388459, -0.026631121136142598, -0.09983028964184286, 0.004479608113331274, 0.08583976256144468, -4.0499635024428775]]),
     np.array([12.419442627879484, 36.43083412825941, 22.05984375860496, 25.702438406639786, 45.19308620966945, 12.031912366545171, 0.00738981455906809, 32.8904597878443, 8.430596325134854, 0.02183047817507431])),
    (np.array([0.925780525624888, 7.468794556288802, 1.1439476171730385, 0.7720276133482097, 0.33476957408109353, 0.2753393536958247, 1.1226271125648686, 1.0236375932567416, 0.2755142156091825, 1.552924807197668]),
     np.array([[0.362544379917959, 0.21895824915384157, 0.357857099948382, -0.5382133800129528, -0.015536971935494045, 0.6753900678672683, -0.18615105877823918, 0.23950310447392126, 0.2091785244362128, -0.05850248817100703], [0.07481144690516968, -6.19494173634309, -0.08752209287776071, 0.03205858070954078, -0.022785535865192174, -0.0808831426095468, 0.06033722361631801, -0.017447197222757168, -0.028312614488416328, 0.02061576234484536], [0.09690674557002689, -0.9812580569221985, 0.8283233660418443, -0.054828082828231435, 0.035500028435156934, 0.23327555053407206, 0.3269045528523078, 0.08149887119155833, 0.1319339510313565, -0.1313895977948381], [-0.5702967464254922, 0.09120435245367765, 0.9999317904850727, -1.0479377534387193, 0.7787529532034958, 0.6474522662318474, 0.040730659102602484, 0.09183545603855929, 0.8255723022334743, -0.19916473850152064], [0.00797130118819522, -0.017477352153218845, -0.0100292636742405, 0.03380682308519861, 0.16228675825389302, 0.006987905398918795, -0.010348652777397011, 0.016390572591010004, -0.0784104812166137, 0.021896595755333238], [-0.06232444545507488, -0.04725576174602765, 1.2378144086698093, -1.4574030164014218, 0.4045642918897131, 0.07502976331116848, 0.1756657020959195, -0.015631116051535093, 0.2306453928398092, 0.048374732453405504], [-0.1705831514281423, 0.3379634350774946, -0.02438732222818376, -0.05978889955364029, 0.35065981598111545, 0.7283610480094245, 0.31651696151139674, -0.3309777764915139, -0.12424328232682914, -0.20240140134934614], [0.2448676305100866, -0.10082521584701878, 0.09507176794507737, 0.05157236159561482, -0.5251254040726121, -0.28134748185764524, 0.4334193979239338, 0.6099837086065508, 0.38083981682703055, 0.06732107608270207], [3.7740971973364324e-05, 0.017616859473826466, -0.005884495765527206, -0.03137610941804156, -0.07585879542446404, 0.24201795152524233, 0.0279220812431753, 0.10715847939174816, 0.018660497227711587, 0.03567139614810816], [-0.20662180958230617, -0.23205836983949654, 0.3306168563234147, -0.2239671525783645, 0.03038663539272032, -0.05615278188831721, -0.375743446993248, -0.12871651974810414, 0.4258316146883117, 0.44136186695083046]]),
     np.array([25.553958127878353, 0.009219067688136207, 24.785109013626798, 35.301099118025334, 1e-15, 21.540796739418077, 27.181151536269176, 23.493212697045273, 2.968628481751381, 13.456564622580972])),
    (np.array([1.0255439226580596, 1.3863182739238515, 1.3176994327640354, 0.7779658517426967, 0.443629904717985, 0.29339426124589113, 1.0934124736585848, 1.0214605883035492, 0.3291256194607122, 2.4425907459087135]),
     np.array([[-0.014794138405077827, 0.025273442802626278, 0.019838028779326826, -0.005707800464290209, -0.009225175871561355, 0.03255115388951369, 0.0013267987540383872, -0.015917278910047118, 0.06898151984235999, -0.03951457423639317], [0.028067651243748874, -0.22545953259003232, 0.06789229925304724, 0.11903614709793463, 0.0996020923684532, -0.1063568782296897, -0.14138861092797206, 0.06229870721280153, 0.06141253125953519, -0.034666747009134115], [-0.2374396667598943, -1.1217631009491444, 0.6703285574333988, 0.15291854519011033, -0.4689200210742331, 0.1942252393583047, -0.24944679467774805, -0.07552598370003687, -0.006683228991290789, 0.06278412562626318], [-0.07919700768936296, 0.11867901658087962, 0.5733675947859757, -0.31165567138125966, 0.18712117487238172, 0.1607040969905983, -0.02152853703095796, -0.051718612241227084, 0.08744932138193959, 0.06386489027365401], [0.07845852681164196, 0.018858597987455785, 0.03531099095025818, -0.08830257408184668, 0.22152741767295475, 0.021779055133121093, 0.01537320934521355, -0.027531395169010892, -0.00028311925830465406, 0.01597966942928983], [0.037391890885150214, -0.16711835411532366, 1.537179546941042, -1.8576137117622946, 0.02980082946607909, 0.7331708539883993, 0.14022244381845744, 0.017887435466018193, 0.06956442597320125, 0.22674824471708066], [-0.03210661079517157, 0.10725744450246658, 0.04035363676876462, -0.09323721319681628, 0.052063658793348615, 0.12039867642644586, -0.16822755472531006, -0.12130445166314875, -0.02826588035882512, 0.06971433796220282], [-0.33801483580602415, -0.05955235159107278, 0.026716048874694247, 0.02763736178361085, 0.22973315659442461, 0.04569438736130373, -0.07486764823098803, 0.15563092363891595, 0.963629274663849, -0.05549975721231316], [-0.004343601733159747, 0.03965164520157925, -0.0240545721343769, 0.034781694792652605, 0.019052348236032395, -0.05648442768758271, 0.2601626352741753, 0.41057278440541006, -0.16763951943744546, -0.1588875975284544], [-0.06759483540364368, 0.052753205463324924, 0.03397241480640066, -0.06992164937907623, -0.013660163857038405, -0.05742997487930541, 0.024846222885797305, -0.03755194741108071, 0.06347145841100944, -0.8432404858232377]]),
     np.array([0.0016665518171675164, 1.6179515709409718, 18.199000735929218, 10.095883791708314, 1.4386771450223406, 27.513555653134755, 2.3382234860465094, 8.703459509874397, 9.647925356982762, 6.230661833316126e-07])),
    (np.array([1.01315766936592, 0.8908628643115066, 1.1701604581237592, 0.8436990775765718, 0.5434053430651536, 0.3022981391344177, 0.8578264879142703, 0.9267273645756132, 6.011648944764243, 1.337561298879673]),
     np.array([[-0.09990280857920537, -0.06401574822673224, 0.11785443528073097, -0.27991867366993783, 0.3044890327458839, 0.3568777084767203, 0.05995701359586773, -0.1705332000565955, 0.19221303977662724, -0.04610141355123025], [0.145875476714992, 0.31935878325199235, -0.026218781224703554, 0.050911212004514574, 0.028451715797261568, -0.06834943971072342, 0.04346166823585806, 0.02412554018034212, 0.07525821966029665, -0.010454569073587152], [0.09975749551079187, -0.5970184787238705, 0.4570019611169673, -0.025535963133658458, -0.25032607928018885, 0.6459239433243911, 0.3030878805133694, -0.008870072664879367, 0.39550174440593305, 0.015099777808140865], [0.010836442931409455, -0.012670954222109464, 0.33493500588579506, -0.1589756732725859, 0.043387588635956646, -0.018787989676255668, -0.04525274823895918, -0.03759951078340766, -0.2629731559431098, 0.004777363756291757], [0.32747385736719836, 0.058584143178709296, -0.09709868250642219, -0.21551632246396238, 0.1872504061328538, 0.026618725045482117, 0.07908085861719905, -0.06384016850369711, -0.204804939581736, 0.06605876656641323], [-0.06989620829080276, 0.009141021075953647, 1.8160421531974615, -1.4177363237733493, 0.5067550736523612, 0.6915840983229958, -0.04411333495738158, -0.11301789296586227, -0.3294172167847723, 0.08280246551495074], [0.041142770667907266, 0.054681087061373465, 0.004436961685803163, 0.031156179165264815, 0.098725604441809, 0.03415372836616988, 0.21154221038839552, -0.06586079369016616, 0.0287723087498833, 0.06200639414244799], [0.018934246588443542, -0.09006289864787534, 0.07556541231259804, 0.11590241177757142, 0.078551263089783, 0.06264696372802402, 0.18821990298930627, 0.5599024973354304, -0.07109667055089929, -0.015562862312779605], [-0.014202311906175658, -0.023820373345032057, -0.012606880728651144, -0.017290882029210572, 0.03434562812733802, 0.031082540704010085, 0.013688612763958118, 0.02436666226423201, -5.704838002104097, 0.0032237517070809107], [0.287018434428279, -0.09204879221391181, 0.14036892197369594, 0.28526956825211874, 0.4071183364347284, 0.38601496468375235, -0.15790566636722314, 0.10410495061096543, 0.015180711536857102, 0.402160899320217]]),
     np.array([7.907263799591701, 1e-15, 9.528836408957599, 4.880946867433927, 7.850644504565972, 28.20745066405722, 1.3826011539830427, 6.187049598103118, 0.0031348337820421507, 7.106901537455985])),
]

hp_short_mem_vm_final_estimation = (
    np.array([1.0193501877332949, 1.2803073254079402, 1.2569745189737973, 0.7932300426132814, 0.521641424473997, 0.29373403650505436, 1.1050078879072829, 1.0358780295976775, 0.29842356935478503, 1.5457658809747303]),
    np.array([[0.0, 0.0, 0.0, -0.798237367592498, 0.0, 0.0, 0.0, 0.0, 0.0, 0.0], [1.0608870147228449, 0.0, 0.0, 0.0, 0.0, 0.0, 0.0, 0.0, 0.0, 0.0], [0.0, -0.9311906806126634, 0.0, 0.0, 0.0, 0.3991819664265515, 0.0, 0.0, 0.0, 0.0], [-0.3239354262574067, 0.0, 1.1613803736956438, 0.0, 0.0, 0.0, 0.0, 0.0, 0.0, 0.0], [1.1156487170762543, 0.0, 0.0, -0.477937232076901, 0.0, 0.0, 0.0, 0.0, 0.0, 0.0], [0.0, -0.08244210248650236, 0.9862943537045161, -0.7470742944517559, 0.12357002544461455, 0.5420719437023336, 0.0, 0.0, 0.0, 0.0], [0.0, 0.0, 0.0, 0.0, 0.0, 0.0, 0.0, -0.23882380516764243, 0.0, 0.0], [0.0, 0.0, 0.0, 0.0, 0.0, 0.0, 0.0, 0.0, 0.0, 0.0], [0.0, 0.0, 0.0, 0.0, 0.0, 0.2209801433685968, 0.24158249832485845, 0.412782509903127, 0.0, 0.0], [0.0, 0.0, 0.0, 0.0, 0.0, 0.0, 0.0, 0.0, 0.0, 0.0]]),
    np.array([49.2667413584462, 28.967879844317373, 21.57105296673977, 33.53709287930632, 50.716494046423705, 13.633722559768549, 24.43003235939069, 1.0, 12.864845966483529, 1.0]),
)

hp_short_mem_vm_interaction_matrix =   np.array([[True, True, True, False, True, True, True, True, True, True], [False, True, True, True, True, True, True, True, True, True], [True, False, True, True, True, False, True, True, True, True], [False, True, False, True, True, True, True, True, True, True], [False, True, True, False, True, True, True, True, True, True], [True, False, False, False, False, False, True, True, True, True], [True, True, True, True, True, True, True, False, True, True], [True, True, True, True, True, True, True, True, True, True], [True, True, True, True, True, False, False, False, True, True], [True, True, True, True, True, True, True, True, True, True]])

hp_short_mem_vm_pvalues = np.array(
[0.3576689738627249, 0.5652125509152506, 0.17628693940488305, 0.48531495208370423, 0.22056902105022924, 0.010975500871283739, 0.16704611574623063, 0.32782955785255563, 0.3274598699803922, 0.012577469863067736, 0.04737298522749678, 0.056897564388120214, 0.07942372107647, 0.1932640532779868, 0.09344012921611544, 0.486910272846679, 0.06614711604595813, 0.5038389594686581, 0.010330370226082297, 0.22971377852964314, 0.5454660531147218, 0.4748924026489806, 0.1472894621706643, 0.04894005385018119, 0.006643261324338012, 0.04222517379418389, 0.018632778058394917, 0.06546380486273096, 0.0336187455939303, 0.018375125827477468, 0.018181258693523605, 0.007745744557223211, 0.03317940478334658, 0.03276275076498392, 0.31514065643731515, 0.000474145090155087, 0.06633776277437275, 0.09457406152472747, 0.06477914426916698, 0.21085460096245656, 0.2877007581243435, 0.010854205959877739, 0.01945213885760233, 0.0016344389871204568, 0.0011565635751928927, 0.00043069490084701734, 0.4351613265670927, 0.012232183480243464, 0.18616342795682772, 0.011498564222541363]
)

