vm_hp_estimations_step1 = [
    (np.array([1.0067070553551283, 1.271932388377988, 1.2629894706593003, 0.8463798405504, 0.4781723694539802, 0.1575851539479531, 1.1588082671456184, 1.3932758310832907, 0.46615938195084167, 1.7049779372132754]),
     np.array([[0.44670940327192676, 0.26588458747357363, 0.15706534400282082, -0.9302769894386834, 0.3063568037525512, 0.7673558393640217, -0.0959779343988896, 0.32501456087935904, -0.18411881170308012, 0.019059513083105186], [0.6581813061553539, -0.611801361082089, -0.13246394280261511, -0.08919724493249681, 0.11472112282270892, 0.15327505644597517, 0.12257251232173767, 0.09488490376863223, -0.11557301396737275, 0.05889789972488817], [0.10896635766821541, -1.0274920231610767, 0.4863231299279318, 0.08888467299895857, -0.18744966443933025, 0.3990232928071588, 0.06339626369622736, 0.10131942864240238, -0.13118837778692627, 0.061018168833258925], [-0.1727839126877955, 0.03674339073942225, 0.735047373764543, -0.8377133049872364, 0.07662734411249297, 0.057290828892003355, -0.03767771792065224, 0.047059417282831965, -0.26180905842981683, -0.03337016413388188], [0.9853075435305536, 0.16394399390488043, 0.22644564234381204, -0.4155877246279409, 0.1278454924795425, -0.13750967007997933, 0.18422003972666937, -0.07517068711055684, 0.04461048990460758, -0.045836293925250016], [0.04715140492637863, -0.048498489220802674, 0.981160161980158, -0.7383051332518463, 0.08853333771911101, -0.18376890155578113, 0.037442186484817536, -0.04453837249409607, -0.013055049555985862, 0.025490529131702102], [-0.2285020647439567, 0.06360670109722107, -0.03281101522620445, 0.004762141208530245, 0.055132037147861065, 0.37169324253395597, 0.036681709003508034, -0.323820890959015, -0.28891967878566616, 0.05284096707017864], [-0.051980916776460905, -0.09185715189906037, -0.12196597179768635, -0.013028649300956752, -0.0011078003365584778, -0.04701749959166471, 0.030261867548843427, 0.05279660225204622, 0.27831780758038394, -0.025798576663723143], [0.04681934365842182, 0.08032618243250705, 0.06001683427155088, -0.007512198881492054, 0.045986829120098424, 0.28357988641774107, 0.2736864389191477, 0.44525241847546343, -0.6851702873197842, -0.06982473123237266], [0.0037323958925389185, 0.09038052931509304, -0.14917453564638833, 0.013896065387638684, -0.3510337741070003, -0.20732965068116121, 0.18291943723472665, 0.02987837302513399, 0.2658518410745126, 0.17541582562229135]]),
     np.array([10.39736514824255, 2.993923408839455, 2.6336472499455414, 4.224431321291388, 5.40880802550286, 2.039237579755613, 4.490299634519903, 0.8600578029507722, 2.8091501857833343, 6.156864791402071])),
    (np.array([0.9532482883522065, 1.3136866543674128, 1.5226613341946083, 0.787141615392123, 0.4564683825185144, 0.2553120995927972, 0.9705618976281627, 0.908070899201694, 0.49936662792691294, 1.6422365967728305]),
     np.array([[0.4954409692583136, 0.118339263276088, 0.03235724713512164, -0.8506893876534223, 0.4149298770010044, 1.1785583993416717, -0.13216540998054735, -0.03063429002023944, 0.06604179920145788, 0.137514209730077], [0.8912503388665445, -0.7381956742465094, -0.22636411535756393, 0.04186311997960445, 0.1273428895301995, 0.08754377717924991, -0.09459138445030003, 0.06394987458844455, 0.011290366840065373, 0.07703487351186734], [0.15862190767694448, -1.0877715149737797, 0.6187401454555911, -0.07450636843258619, -0.22168469849249758, 0.24687196169185685, -0.0790579312451183, -0.039063329137182724, -0.18530362550461876, -0.04017738092363101], [-0.3799370968428278, 0.05978612138744357, 1.088858238504353, -0.9314397291558667, 0.31711100630076905, 0.25517385540486504, -0.07001105042114517, -0.24455664142718836, 0.12696404950916035, -0.017905616560393744], [0.8813061506807344, 0.09779266400699041, 0.03285380414348122, -0.3895975029860876, 0.33196722937992784, 0.15613445671061651, 0.05508355307987393, 0.003361541511592062, 0.06939476813101758, -0.03635479707628427], [0.055381473198966906, -0.09495891812459609, 0.8212659775747254, -0.7158918364739664, 0.014423249069004615, -0.13301094740350258, -0.006421591899875801, -0.002303564596367719, 0.0035968130885675096, 0.019862811712379733], [0.3140262119674117, -0.1804275939305587, -0.24125948675250938, 0.1700221131062383, -0.15230317855640207, 0.7959153583478633, -0.04966818895087186, -0.23695552465503425, -0.09255891360535659, 0.19243092890113891], [-0.02118690701099057, -0.016234565606699947, 0.07615030779989018, -0.02379661370417221, -0.0893410082816766, 0.06107173592606396, 0.14528440536633783, 0.06290637258750872, 0.2509049950658173, 0.08737542318643252], [-0.005409968694899089, -0.006214072456968148, -0.0057125083083065424, -0.050980938605001434, -0.05446636030727713, 0.2025958084345303, 0.3320514120270927, 0.31799806071902537, -0.5170601752574931, 0.001306636271436701], [-0.035117403572528225, 0.10939569501897756, -0.10962132252327154, 0.0023955935906981793, 0.34994610829418205, -0.2953547563343764, 0.15186282776000967, -0.4507043553992907, 1.0442162958379058, 0.6353262395174347]]),
     np.array([7.031455329305778, 4.4766099383316735, 2.6459494020239958, 5.651965781338366, 5.1742825753242885, 1.583984518461354, 7.72525424254939, 1.4441423481467597, 2.026406527031273, 11.309112576473886])),
    (np.array([0.9607203509141097, 1.3880368931086529, 1.2674600713352708, 0.8618337421978721, 0.4450058536699943, 0.16745850338138507, 1.02496862813443, 1.0160770202315346, 0.4528732753540533, 1.668508517495216]),
     np.array([[0.5554122731115948, -0.00696286330665979, 0.27890357648437686, -0.9612820974627411, 0.49829411773147153, 0.5377092502459339, 0.05135465308162374, 0.0475637827891432, -0.14230928739166473, -0.001556010947779666], [1.1178817160566572, -0.7443377835294329, -0.09153914261233999, -0.31488129602547127, 0.03665510525089987, -0.43365396321847455, 0.21393550352982038, -0.03957539558357925, -0.13849220405598747, -0.06526624622801051], [0.1586940508736531, -0.9432670649654151, 0.4661376047365341, 0.13928315964827356, -0.1387653198604454, 0.2634475946816122, 0.0381548303911851, -0.05354313370631256, 0.07919336784271143, 0.0179672008319882], [-0.42214167362844596, -0.0070020471656679776, 0.8903947995987211, -0.9277745711658941, 0.35707304043532656, 0.12081207180841137, 0.08960358108420646, -0.033830531342804976, -0.15272155226629539, -0.0005044810600056071], [0.7701515321634098, 0.22499100917243478, 0.12831143611780535, -0.3275901320614583, 0.4433111775114511, 0.018926914855556778, 0.049847665082040485, -0.016805562823959, 0.11418041426430993, -0.011778669342320882], [-0.01673059654306259, -0.026479628875219388, 0.7730339879808477, -0.6785189277455737, 0.15399556698252007, -0.1334249400875395, 0.026454762445700462, -0.05773488852148783, 0.04239502816759538, 0.05062337886752095], [-0.05132095827894265, 0.06172620720331629, -0.0015705931684175795, -0.06433253701416311, 0.005553718651233455, 0.532903495089007, -0.046114418127069574, -0.2433850857426777, -0.08110800425615289, 0.1089694497872737], [0.09289470719441384, 0.008034968725588421, 0.011597846969737185, -0.04347264338521291, 0.05129180616262108, 0.03953399178728311, -0.10180711430773762, 0.10289643753081124, 0.5734500225795437, -0.05305023096676685], [-0.07109394381986311, 0.05462185643397256, -0.0005116615751260138, -0.08425978656698871, 0.13553698029541356, 0.3141799585684136, 0.22166084274971368, 0.3952630386422812, -0.5558856387316329, 0.054032382539224155], [0.0742355556151623, 0.12471384725505007, 0.04538476024044623, -0.2014074988386344, -0.15589378552543404, 0.09085777384887392, 0.051826452835996836, -0.09091091039762951, 0.5321131566669379, 0.22099321581438927]]),
     np.array([6.310793689948417, 5.515522976034484, 2.375559737105587, 4.219991624736887, 5.1962899325465655, 1.5624497872995005, 3.5832748879787113, 1.7619884009281903, 2.591003585006762, 5.823341654261623])),
    (np.array([1.0262762869067688, 1.281090988442063, 1.161199493873986, 0.8257331185997847, 0.4404957015137877, 0.3257256529231277, 1.004218471436963, 1.0590231054637362, 0.3819017946103355, 1.6504414383892232]),
     np.array([[0.4743819114580386, -0.011881457284226873, -0.0021076551895496455, -0.7154594923461471, 0.2502160420882496, 1.0115343254826037, -0.1100550580132041, -0.04836271247603186, -0.0038678390860409258, 0.006337072161590949], [0.7829125087686534, -0.6358790276247963, -0.17257100400965847, 0.16997862759667726, -0.09762533621474383, 0.051352752508959335, -0.07842060243314722, -0.06040969406999472, -0.020892418555001464, 0.07920331058903336], [0.18185501070477203, -0.9801660634258799, 0.620557026284858, 0.23803270968119108, -0.2126503450210408, 0.317359144598906, -0.09567524282529655, -0.037357697283454165, 0.04125661353778268, 0.033600938777571546], [-0.39782769309890187, 0.2320203107608697, 0.7805240197373527, -1.1008253717422645, 0.24997136535319436, 0.005522545060773744, -0.10128490673351527, 0.023586618181679488, 0.16846331949762283, -0.03102503614710865], [0.763977563490763, 0.14028118646437895, 0.2355606596226217, -0.3248599710861292, 0.16886652084838588, -0.10510000378707454, 0.02520681949811725, 0.015046997659352107, -0.03404596719087604, 0.022161763736008682], [0.019006882716747806, -0.09623473667143442, 0.7623188573467086, -0.6685529073956171, 0.033085836896734076, -0.1328026607711512, -0.00952838021923566, -0.04713116031936561, -0.015605040081961927, 0.03353503334489622], [-0.011254104766129869, -0.04668119424499253, -0.156087823312002, 0.0755793167193087, 0.04148991234964883, 0.8910618645054892, -0.10978238742829892, -0.20035679526796177, 0.017056280890118243, -0.040737943052357256], [0.14620956767275275, -0.08006408060029148, -0.10212387551577606, 0.09335501896379364, -0.10488313911802434, 0.009954393407386049, 0.07495045961289785, 0.12381575155335321, 0.2991741385281718, -0.01928026472185145], [-0.007591405689744824, -0.03559098093254848, 0.06139568346002536, -0.027595279104149835, -0.030535183611810197, 0.23645499254243607, 0.28004598855465396, 0.3527918016244706, -0.3768662513042132, -0.05093407209265616], [0.010704897150028998, 0.08171873036579949, 0.10689711028626332, -0.06926491935668706, 0.3062120781502309, -0.11544488203580242, 0.08840506936860412, -0.15669679023577923, 0.48886163046159226, 0.19182188779494294]]),
     np.array([5.0539011452213805, 3.2869732846352506, 2.912157123140822, 3.046042395469781, 4.520066193588835, 1.865805559987923, 4.424794214758848, 1.72083882372572, 1.5458782192605878, 4.170803077512987])),
    (np.array([1.0252893869672972, 1.214921754370991, 1.2609837489543516, 0.775254825517778, 0.43868276287582253, 0.2826684750112247, 1.0512754774608182, 1.2558770711537899, 0.48048505702313615, 1.5064213447345267]),
     np.array([[0.29161049634846314, 0.0385265413383213, 0.37599859522214235, -0.9141250144451913, 0.6115761130869045, 0.46942551535526483, -0.12328042759188616, -0.13945966051772202, 0.08516444047561578, -0.01851589890516275], [1.1748168311337592, -0.7208100700104914, -0.16581911010140252, -0.315304538000476, 0.11704777220158515, 0.07669125370746797, -0.05130362586226897, 0.2297674165490821, 0.26942213103648927, 0.06512690325754496], [0.21307467644842576, -0.9172916428770843, 0.534664346750193, -0.12167880295693163, -0.22746481565930593, 0.30203716877386716, -0.012358567273872067, -0.011028437974458438, 0.05252429132524123, -0.007846996640625235], [-0.375428571364488, -0.07164733917905346, 1.0831663022418931, -0.8750530324287322, 0.35003777762762056, 0.2041686996593232, -0.008947001235485145, 0.12940763480411904, 0.050975799538828526, -0.07815546594983774], [0.9575745422399459, 0.1875308495422775, 0.1177036493101519, -0.3589895573045264, 0.3510228189246584, 0.023008116149271084, -0.11494534031734828, 0.025783116516837984, 0.055489880285392194, 0.03687489511442501], [-0.03966962132107233, -0.11976437073829985, 0.8566874354078153, -0.7141381659664354, 0.19558922499067694, -0.13818691404602504, 0.0003979799893641657, 0.042470884407574204, -0.042201706646349764, -0.032157460093581926], [0.13507004566881928, -0.06716820847340998, -0.029562662062292407, -0.011622418350699671, -0.2308533129032603, 0.7257770854273097, 0.12849135595458241, -0.16600071373026495, -0.010981284204546797, 0.09391627378545224], [-0.07771839687378232, -0.12718430743205464, 0.03884408329489593, 0.024104486709600085, 0.06902281974052575, -0.1555823159694284, 0.05752736782148051, 0.2511304042087356, 0.4455262813078507, -0.10331251135023753], [0.04334413486882126, -0.06547007559353035, -0.057324255906261744, -0.012879714776547082, -0.023218443021983823, 0.2774477890612397, 0.24950496105916384, 0.6242696716569115, -0.4902718987697691, -0.02527815607666883], [-0.08517542280617164, -0.022602499470867204, 0.19939616964497422, 0.06605465507139315, 0.08998752073878795, -0.22840009100288663, -0.003145484412182854, 0.04058891079769124, 0.23182148501582756, 0.24327549851025107]]),
     np.array([6.777993135905965, 5.318262123260538, 2.290913717533762, 4.260061995215048, 5.132393524076179, 1.7902611508754571, 7.030858406648083, 4.209143609082498, 2.691296743962177, 2.5866380620256426])),
    (np.array([1.1588918281526608, 1.3133465489222746, 1.1083829510819172, 0.8733707979516958, 0.4731346740665649, 0.3702638086374148, 1.0812845175284664, 1.1377149668141946, 0.5078924631330246, 1.7143193549518967]),
     np.array([[0.22052138794631226, -0.08286865113580295, 0.06415782192521262, -0.8622985033002978, 0.38184722594140186, 0.41138072360400374, -0.08724352951730956, -0.04438684961467838, 0.1407193143499923, 0.028702918720944], [0.7454094453442646, -0.541987523652418, -0.307030707992993, 0.17308974999079574, 0.15096967553904722, 0.0794404127556807, 0.023947108034353296, 0.057963916975793665, 0.07676700741419014, -0.07883253548600681], [0.19962659451624862, -0.9506542468552407, 0.5468432868041654, 0.15637695202284044, -0.021256824585645158, 0.508034493850851, 0.052011053812305655, 0.016002233300907005, 0.15955349653148748, -0.05187719197181038], [-0.5217218776330819, -0.03914450570206218, 1.1838378839439578, -1.1415208429956631, 0.29929126067491857, 0.47731270379203194, 0.04858639618526079, -0.22394733315004967, -0.10980096908671043, -0.07458668838982044], [0.9748648526981032, 0.3801696666200477, 0.27303972945647875, -0.3733941082993523, 0.09801291146275636, -0.11785129202830652, 0.05112498205370447, -0.036985947718826996, 0.37803051671368215, -0.09055665892066357], [0.020427087754105722, -0.14534261593777492, 0.8373887673103394, -0.8307636077562226, 0.11779663447824161, -0.09604905721432758, -0.023304705226236625, -0.008875274926251675, 0.1026616387708433, -0.03987873407794518], [-0.11017732332892746, 0.1072159110988124, -0.11013457957806683, 0.06618599377831226, 0.03239065319145245, 0.464633777132425, -0.06146312990203968, -0.20389438322656656, -0.05850717406031259, -0.03795246845182957], [-0.02830166406054982, -0.3804868424167659, -0.12992779871565258, -0.1114427916424764, 0.012463776949642246, -0.10209289409815638, 0.08644286337459103, 0.30823893877251335, 0.9378284752938434, 0.10167325064607995], [-0.12038509029377843, -0.06606161608796784, 0.00812160166270257, -0.05030270062909177, -0.0038916809886365834, 0.34014716926142663, 0.2974880342631718, 0.49589554610932024, -0.5948315296215028, 0.0020437121893250878], [0.02628594826147575, -0.01297013920550779, 0.026938845147726143, -0.1086079425138206, -0.00484067547622761, -0.31580705427791994, -0.12672661205210597, -0.06559938329132922, 0.2145014898920196, 0.20476808646481548]]),
     np.array([4.450126647451264, 3.869369053390533, 2.6799932295673474, 5.523707370248875, 6.086939859245769, 1.7706059521391686, 2.9491503742511034, 8.23885888883174, 2.8415443273714853, 2.2006783669728955])),
    (np.array([1.04711990837463, 1.429759652752665, 1.2579083088921392, 0.8868902160476182, 0.4372647629717273, 0.3861401526016041, 1.0691542485967767, 1.0816786056356502, 0.42719722006393357, 1.6700574672071586]),
     np.array([[0.4028534149225643, -0.16714612663018671, 0.24515915428295107, -0.881619423608092, 0.4911879148083755, 0.7643616501702877, 0.058731315993414114, -0.2518230271411483, 0.06749355770075588, -0.024545588454667432], [0.832253129128113, -0.7767011836895457, -0.20156368618904427, 0.06196738661402867, -0.14450938717123046, -0.06769948327067322, -0.21157617655730515, -0.06971687253980786, -0.07457598568288597, -0.09073284585121226], [0.23240072460251376, -1.0290068563580541, 0.520961711408625, 0.028525267273803858, 0.016744383500366066, 0.09173963154416132, 0.06050122597323583, -0.006579688869283457, -0.08408588273900837, -0.025993389274024076], [-0.44472434932658156, -0.08524029178808776, 0.9206276480012819, -1.0071717516506278, 0.23070355305735846, -0.13794789835170573, 0.014274245130642805, 0.0472107157802378, 0.09762479914310868, -0.03994323309488015], [1.2055310866501785, 0.2237561097511237, 0.15717507223741983, -0.2533441168730871, 0.1176067024133893, 0.3203796124773758, -0.12016737108295585, 0.09965263771373849, -0.08466565069378322, -0.09014695737964305], [-0.01366872250101567, -0.1462676656467413, 0.7947295713390411, -0.7181237969319353, 0.12339490954943881, -0.11088319645649114, -0.05197709578060306, 0.026663067030956764, -0.02038694857986152, -0.0350448949316449], [-0.09851815516359531, -0.053898839903548504, -0.1723687441497901, 0.3822316054367474, 0.11205514334066342, 0.9275731922490729, -0.2008246767284511, -0.4454302825360395, -0.08132956332051228, 0.09999969249204531], [-0.04724134743888639, -0.02700155934565561, 0.04353056279857742, -0.07089250764432656, 0.01166290737380961, -0.11919799861043609, 0.08810675916027068, 0.20999451502193744, 0.5164790475813601, 0.02827341588932153], [-0.028441903314564004, 0.015611797313959314, 0.025445897860680775, -0.02174296382816099, -0.04028514245455037, 0.3903761383363847, 0.32961196186705255, 0.5417157374911323, -0.47872869887415265, 0.0073246071721887705], [-0.16567576923395236, -0.39947264650134406, 0.23260354495758198, -0.3770693905606317, 0.19521644214004183, -0.4522552233070223, 0.7231297235113534, -0.04329655023590938, 0.9098435838674145, 0.7894100265946759]]),
     np.array([9.608522747878414, 5.282671986240046, 2.631276118400733, 4.000320234314179, 5.5846664368757475, 1.7276906075181644, 8.870622599619974, 2.5153914342652763, 3.113007635153387, 20.188123566813744])),
    (np.array([1.0716277784723531, 1.2885845987802549, 1.2060299888648855, 0.831252957681902, 0.43718352460634, 0.3249258748350049, 1.0432193469600322, 1.1158188142938927, 0.34485988965332476, 1.649333383045916]),
     np.array([[0.2178117117282033, 0.04845523666223916, 0.25240515230034094, -0.8108029320158883, 0.33041032437951684, 0.449235666508947, 0.027015089106124535, 0.017715872022931737, -0.06659444340567898, 0.025772199538026536], [0.91686028832669, -0.6293377766481615, -0.21557855053457425, 0.2903558800209836, 0.026771595901940677, -0.22817323348006047, -0.12504094982478164, 0.03732760868193132, -0.07736216958068498, 0.05699594562169166], [0.051335317154636434, -0.8959679069042064, 0.5878876074283105, 0.037917338761834625, -0.010246921515598039, 0.32751982444646427, 0.038290883281871795, -0.003277831014270543, -0.13613275514790082, -0.01652583212265988], [-0.4018105728159979, 0.12491470587541648, 1.0054470354008653, -0.8721310898383816, 0.09742639402413569, 0.2514066047093962, 0.027766885417886297, 0.056655891130605616, -0.17422613640808962, -0.09074562135987782], [1.0188199439586887, 0.27311108990886823, 0.09980462268841378, -0.16765039711726462, 0.5689253045001109, -0.11441146639061166, -0.040546006313497335, -0.06061085303952756, 0.15752063528012178, -0.055051562444893905], [-0.05209087718207328, -0.15006212383777517, 0.9206520743774154, -0.83693370741041, 0.12261541418995363, -0.08208284763176985, -0.08367001055568035, 0.0500711962999198, 0.013183949046436223, 0.0035272263278382674], [-0.18774142527681936, 0.04458437263381015, 0.1948592810012824, -0.174195808716804, 0.08101316593776896, 0.48805771459428343, -0.163729178387143, -0.21712706112221236, -0.03070968868482079, 0.06856506978616173], [-0.1388061720062925, 0.3462617579475635, -0.031063671543681944, -0.23121889301179263, 0.08224686438968508, 0.1974081887787796, 0.009148391620598169, 0.12792846743537337, 1.0005679441709556, -0.04333322614169488], [-0.0010862413278745831, 0.0279050336399321, 0.05352383205783631, -0.11729537951069646, 0.0171573543185124, 0.6427316794959651, 0.2958586371277386, 0.5011347563485873, -0.4848272603600479, 0.0675227987050153], [-0.10773746966102062, 0.10742627759596743, 0.13454554819491374, 0.031174437121829244, 0.08082379498589655, 0.010112155506278113, -0.13082052463860236, -0.02318676472561288, 0.4238255812388983, 0.04059811865925178]]),
     np.array([5.888901475117878, 3.598307222356832, 2.6139510759488878, 3.9479094138000876, 5.943311448911737, 2.1341996642698198, 3.6932318788082643, 9.873451266721284, 3.0666857846882674, 2.8436442371747512])),
    (np.array([0.8583357286990938, 1.3549270576626873, 1.1016887792211991, 0.8533988772560153, 0.4704459951851707, 0.2894882771027333, 1.1816533178087776, 1.111931618080382, 0.5272657310882748, 1.4725508105176583]),
     np.array([[0.5041993147682811, 0.22287986196104703, 0.08103396943462568, -0.6817751050450952, 0.4589689541818441, 1.1115001045321729, 0.20872956797351902, -0.033638212281150943, -0.1485719707149077, 0.10991121100378762], [1.0083289403929163, -0.6779980817281196, -0.07255470594997257, -0.1542499423002689, 0.2529011148725967, -0.10066144514216913, 0.08369039989039777, -0.027041140562917194, -0.16055931351865455, 0.03254585512976291], [0.17798488853129577, -0.8842591166420272, 0.5200888369241778, 0.043415657147538346, -0.07113781664275115, 0.35066804589327716, 0.0023223879341670566, 0.051812195092682416, 0.007753266003409563, -0.009178803365340204], [-0.5292303618891283, 0.008951307662714453, 0.9286798852706126, -1.0746455840354727, 0.369404724673768, 0.3965287233854306, 0.05627709556871781, -0.004183578874302275, 0.02135831255771694, -0.10442014462001394], [1.0508293011041383, 0.015257663715357042, 0.2212546641397502, -0.2945364604357798, 0.3361085328840304, 0.027025351111182948, 0.01639868365674537, -0.03313863316053296, 0.06394457608327984, 0.05457290430050455], [0.0473992010040318, -0.17579082636428234, 0.9180142320901042, -0.7875432571856719, 0.11062153488084699, -0.07467660373738193, -0.05926374146987941, 0.007090990762743199, 0.004683729143924231, 0.014348756757059806], [0.052738943143173816, -0.16429863828895666, -0.09358857907799391, -0.0962248308355302, -0.00887445332700716, 0.4481204742503928, 0.14226953177000073, -0.2566786972758156, -0.25696936524174435, 0.005989405249970939], [0.026527374986095666, 0.12071596634062676, -0.05135621644004459, 0.0144444890743385, -0.1941644740489068, 0.21703117435023628, -0.010327822003187274, 0.23116177071557523, 0.35615523480994205, -0.11071499762822896], [-0.014369127934964098, 0.13499758963214384, 0.04675269985983649, -0.1658773947189808, -0.14601489619049607, 0.1723392502628656, 0.19883821799163853, 0.3812987685851983, -0.48610855365375505, -0.006474734432855283], [0.02671118243346306, 0.0037957548259139468, 0.07840281760392438, -0.08831482921831099, -0.07516760624455887, 0.02865199711782225, 0.001230854401073024, 0.0071161497215705095, 0.26757504558728157, 0.23531602311198183]]),
     np.array([7.019748460720139, 4.183921389868322, 2.5709024408488106, 5.274507367038536, 5.949125947256463, 1.8348673131343722, 4.316610380320432, 3.2794261828410294, 2.3064347828492693, 2.1134816513100594])),
    (np.array([0.9707707484437571, 1.293212498151914, 1.2566417023482908, 0.7780566598632208, 0.3715516697061039, 0.27587524074086933, 1.147207056419837, 1.0653527617104093, 0.3896742794334799, 1.6241141144570457]),
     np.array([[0.13047490594971614, 0.0033389356936165634, 0.31983874650863453, -0.7882322757177067, 0.36637667562462284, 0.3446075308857689, -0.034018142277518953, 0.053536190225031345, 0.20015281543731292, 0.05708519220958163], [0.9961746376140961, -0.79089988159489, -0.34809278808718863, 0.21975992744738831, 0.23370149435437626, 0.11524228439214888, -0.051457571105928135, 0.061669213279097114, -0.058780421872582166, 0.08492255137072198], [0.16584152917119155, -0.9649839126525329, 0.5880361047573187, 0.08915477559130759, -0.06706108917056433, 0.43355778486479046, 0.0027277958631626072, -0.09375794752976631, -0.1051238565253569, 0.02220940237797044], [-0.389369298437242, 0.0158848107195725, 1.0458722737340977, -1.1783843173624602, 0.18508677099164753, 0.10762999497882113, 0.009774647947346893, 0.19254405100296673, -0.20501984396819806, -0.02937450417308964], [1.0158060868578376, 0.2821322850410515, 0.33849873764065375, -0.3534609351592366, 0.32660626021159905, 0.03945202803542294, -0.0744019932207386, 0.14853158368150596, 0.001193982636684273, 0.040480159242446204], [-0.04670472258518052, -0.09377456198686453, 0.9195051146327484, -0.8783430743355919, 0.16000018047142822, -0.11792117135600684, -0.023243633481166842, 0.018671436913623114, -0.0013140895430053291, 0.050067948205582254], [0.09085138015463319, -0.018976217678487315, -0.10230687650799733, -0.028740106906706975, -0.011410977646675447, 0.9574001421835423, -0.019458405987193103, -0.23983903574256532, -0.23811907040287386, -0.07814179590853469], [0.044327285745365756, -0.016194951313944935, 0.05213237339461397, 0.03473587704760446, -0.12036849109953096, -0.1565562759915631, 0.0073250845710480725, 0.285825124857365, 0.6744392130449073, 0.09967480363460968], [-0.11911276023469801, 0.014787719103205045, -0.051188116937469115, -0.03352351336902298, 0.11477882296875944, 0.24164558694246152, 0.3466538884709509, 0.46743039535908343, -0.3624500068037746, -0.005599009504400813], [-0.08531569149422243, 0.02584605431303176, 0.06144488702276483, -0.23067749402343685, -0.14859743914145157, 0.012794991252558941, 0.10159071819228817, 0.21380463742812547, 0.3792919439189775, 0.30524646522381316]]),
     np.array([4.562036603054709, 5.346450361358464, 2.7134435859372688, 4.3101299488041604, 5.154743054321814, 1.7262018751800037, 5.113233542755529, 4.6068621347896315, 2.5347134946763363, 4.917476790582334])),
    (np.array([0.9072742538286525, 1.3115386321869138, 1.182373813539924, 0.8354356262086481, 0.5345220395422312, 0.2793769332816608, 1.235477918199177, 0.9871474322217899, 0.49506519942967264, 1.6767766417979912]),
     np.array([[0.5646462392430153, -0.045366953800272294, 0.20925724256323466, -0.564956946760891, 0.49895557632717874, 0.2738098320492547, -0.02601480041272198, 0.05600205726136758, -0.07311288528660168, 0.06543635455477334], [0.8947604791608502, -0.693977088923082, -0.1406931103662645, 0.07398198326375316, -0.005368104593362551, -0.0472519576168002, -0.13023452503072827, 0.11219755739251201, 0.020804996466906072, 0.00038843494780022074], [0.28199726961610433, -0.8647482177746267, 0.4632657161563131, 0.03998779361796273, -0.1003655492949743, 0.05478489703307294, -0.07886059899612359, 0.019271265058492547, 0.1827297161709346, 0.02770070740370751], [-0.5340276581569506, -0.07642090022862584, 1.2203666212948245, -0.9609952228071224, 0.0581832227075728, 0.4835874790041947, 0.08014730404994563, -0.11818309441272502, -0.025795776496701978, 0.016137971921798104], [1.0711637070596736, 0.1917024986649956, 0.23987796709767986, -0.5279762801172585, 0.49598411653584723, -0.04812084770135962, 0.007150556515759262, -0.07647518680688674, 0.1074022425310961, -0.049592914474594844], [0.0011080518494497264, -0.1242895304684798, 0.8057875138014267, -0.709342497122505, 0.0831756243324168, -0.04470587576618274, -0.04334792695760209, 0.007145288909453385, 0.046435364373854246, -0.0017306030312356966], [-0.016425580226156863, -0.14579667231528795, -0.11880196816150196, -0.2041071353578388, 0.11591586262055831, 0.6747181028523642, -0.26933482642439555, -0.08109303294194506, -0.057981338533433985, -0.06872826183808647], [-0.10001015418162981, 0.2913641739464538, 0.152018959820681, -0.07548173884161319, 0.019594205215236974, 0.1720028491095076, -0.03178396258189326, 0.31815474767868046, 0.7707330467119289, -0.0500082450249402], [-0.05797384308200867, 0.046439517973614446, -0.05570265161888534, 0.06436573598527946, 0.029245848041728247, 0.4161479198024981, 0.25123663862017753, 0.4053142821116012, -0.519819777446448, 0.026836970801739742], [0.26720250269565987, 0.20739029370270895, -0.04085513369395229, 0.05488952893746395, -0.37038893209802815, 0.32610557829136344, -0.1739283411331225, -0.17182528006319325, 0.25260847260630087, 0.25311354563686306]]),
     np.array([5.428848408486015, 3.969135836700856, 2.1099907413486023, 5.648297140005793, 6.2967517986459685, 1.618830188500655, 3.023776450778404, 4.4930152570885635, 3.9104063374659406, 3.5213580320230204])),
    (np.array([1.103940506814256, 1.292106395994784, 1.2013307999948304, 0.8653892375179592, 0.47088601432650384, 0.2174045132350586, 0.9841121418571732, 1.1203455289458935, 0.4693105287597067, 1.3832371754774935]),
     np.array([[0.5007035016822694, -0.09539185333411737, 0.1609527490082123, -1.1268948554596676, 0.6811210167417043, 0.9067181518005759, -0.09521446662422761, 0.03937413932230825, 0.0736442366575548, 0.0684155397364641], [0.8747690144329525, -0.6826232042579454, -0.008523264342864103, -0.17741703978668802, 0.1423457206115826, -0.07631301614247527, 0.16747203344671904, 0.12405533355276498, -0.18733557593171685, -0.004503954959128589], [0.1711779403279264, -1.0861904245280325, 0.7038884154787935, 0.34576052155214226, 0.09423648831502505, 0.2685457876318316, -0.22887162619612683, 0.02804516030664665, -0.17731124420302558, -0.002828920938989703], [-0.5848142327081034, -0.14962281570240524, 1.3469182275988574, -1.2283365585426904, -0.005092127920892518, 0.40727871227148726, 0.16932652063158962, -0.07830165350711164, -0.05267964012375525, -0.05424056340714474], [1.0178169458648882, 0.19640746344279336, 0.23133479115687292, -0.3558583259942307, 0.32332388781453275, 0.0038205994547786644, -0.008935886208230293, -0.10961823454852392, 0.0497694577550315, 0.08399689239069721], [-0.05599534454832146, -0.04745956044595143, 0.8066928731170342, -0.6918776024980277, 0.1749145144271004, -0.04490977853927137, 0.022177078367361998, 0.008170207941113587, -0.012220770987088715, 0.015089529384159788], [0.018253036103719346, 0.13549941772721974, -0.03413430535337379, 0.07626288820379987, 0.029380720516770424, 0.4078494643662388, 0.003985793105275329, -0.1997996269543158, -0.1377847921851035, 0.027388562769918537], [-0.03994664606617572, -0.06801425714620571, 0.10096896580659134, 0.07444056320393724, 0.01526119839134339, 0.08197569847889871, 0.05376425019838462, 0.3171991312052812, 0.3859981997101878, -0.08566551371735823], [0.10524061152269444, -0.07855551256960136, 0.07899196901098848, 0.08067243269821736, 0.030373303418772465, 0.23102295653552216, 0.41763298958573525, 0.41460822503188677, -0.5295699947601007, 0.0081423637978729], [-0.05080830697049549, 0.05768766317130143, 0.048190345730669874, -0.018217594191286695, -0.02745295083086553, 0.038116660360099225, 0.024993461738239593, -0.01884089787742172, 0.05462623250812726, 0.004201461250100242]]),
     np.array([9.930388951002257, 5.328942643942257, 3.113396239012416, 7.265712366355551, 5.2757435271901345, 1.8936236436810638, 2.644020837661008, 3.1341806084456634, 3.825830541810009, 0.21595203126496065])),
    (np.array([0.9758487049607328, 1.1594575742386175, 1.2210761672303991, 0.7560887354592898, 0.37584943130463544, 0.35172962736808894, 0.9464168481073787, 1.1033061032125788, 0.4064004737081456, 1.5882939049582914]),
     np.array([[0.46586131784366264, -0.2773289789815424, 0.27414880871289177, -0.7904142849560473, 0.37099633033293816, 0.8002332649847795, -0.04228329588962594, 0.15233931946886584, -0.037313352686157125, 0.11170107571453297], [0.9023586705666667, -0.5742197177171816, -0.06967859825724593, -0.1437871495573266, 0.19069444437764033, 0.2859555313438691, 0.1504804558360745, -0.06714938227062096, 0.02533950272438822, 0.049292424473890054], [0.12393303723475602, -1.0629272551043405, 0.624379325766783, 0.04033858951479801, -0.024781584354279837, 0.13363557863299705, -0.07876420008986534, 0.06119166980434694, 0.006400036482846398, 0.042082563339437544], [-0.6244325238531296, 0.13373773497407992, 1.4727634247593018, -0.7971850244532525, 0.22198531268109414, 0.2067642535153275, -0.06858464821435585, -0.05295760812935376, 0.03954309430849251, 0.059789596304052284], [1.1206949821419465, 0.18924364049183015, 0.2647953874897561, -0.3625984701278133, 0.4008346235533354, 0.08624949296073188, 0.0871144248091405, 0.10121904248128574, -0.08019475110076704, 0.005343120428807308], [0.03697718819815, -0.11097883553523472, 0.7236139354565909, -0.763178548673117, 0.10620910584718338, -0.12106877212635027, 0.006464417185754196, 0.0009725799243198422, -0.04770625674978888, 0.004696253741623764], [-0.17482336168483406, -0.08571197971743719, 0.0490215637187584, 0.06164183277776655, 0.28175841357905973, 0.8713494580623689, -0.10646486252647173, -0.19476513747044513, 0.026886293393801993, 0.02182795920425698], [-0.05857856038059035, 0.20138991161347045, 0.07587699767148767, -0.1217090017140803, -0.06275789412431412, 0.171109136985541, 0.13673165835281717, 0.19846319524979825, 0.4232629071113592, -0.01727881544618815], [-0.04481473641746186, 0.10447709838736242, -0.018719307323083457, -0.027389073160722262, -0.006300825257898952, 0.3881195525631018, 0.23157298618185868, 0.462689418460315, -0.5092994894895226, -0.03065622476768296], [0.005662417433404388, 0.0004876209448328393, 0.08899501104651969, -0.09541838645735069, -0.07821124018674036, -0.029031204936010094, -0.08655019954027708, 0.10109348232064476, 0.20415924133964558, 0.08753585051876366]]),
     np.array([7.681423238835911, 4.26103684920102, 2.648827538951447, 7.1296379797633955, 5.667959754521953, 1.5734068300382764, 5.478550581398379, 3.573504071631515, 2.48170175393498, 1.3130589243811461])),
    (np.array([0.9497181733516686, 1.263843694573727, 1.331387142525585, 0.85752646604909, 0.4863796245369131, 0.21156855902566676, 0.9567253298645169, 0.9602679409639189, 0.5380244195585471, 1.7570590632048637]),
     np.array([[0.3612889446196361, 0.07427827408224275, 0.29494185093512487, -0.8025960238301446, 0.8177954743787866, 0.7329626695355556, -0.029977555589541193, 0.005660851406335747, -0.05683051370333209, 0.04835848799375956], [0.9581849561026834, -0.6313452029203752, 0.05177764830927725, -0.18342833589967175, 0.1296354697649448, 0.07816344490198379, 0.04967117875145202, 0.05987951306277839, -0.0170950749284951, -0.09239426208338562], [0.20300555456042202, -1.0615625169439904, 0.4781427677143641, 0.06715613201852379, -0.13739899343849213, 0.32534368538475905, -0.07277689270113996, -0.019231966132870128, -0.02170087655704058, 0.035123585355625], [-0.31502795753616175, -0.05359052187433967, 1.109661804071206, -1.1873678817957736, 0.20977610002436758, 0.067705587372093, 0.017751651083413242, -0.03427848119468804, 0.15328895059481443, -0.16327304495158038], [0.9889543088728455, 0.17641996165132215, -0.06779587034836358, -0.4640903415548246, 0.32299686908076375, 0.24420260066006413, -0.02816790604808522, 0.12552772999637404, 0.06916307173761609, -0.0011499284834909677], [-0.0020249159281151277, -0.053345198906187274, 0.8163321701915126, -0.6405729854847546, 0.0991516640494955, -0.11086604224265478, -0.0006607853931100309, -0.006162996803289014, -0.01830312114609895, 0.030253548732830184], [-0.06993830427428743, 0.015331327094076043, 0.02130099799219638, 0.09169138744751519, 0.1408536766993869, 0.6378952634596088, 0.10623408335985232, -0.09178571253402647, -0.3002936666240034, 0.020289461484025877], [0.02031225749841863, 0.0029491164535050073, -0.03422669462252769, 0.05881640763103023, -0.05778251080975271, -0.02067626855354627, -0.042370935627788146, 0.024180278781657256, 0.2582347804812327, 0.02464831837571448], [-0.026326225255823763, -0.005449411952106967, -0.04389684971474536, -0.07559216538996326, 0.012818944746939702, 0.2605047048296669, 0.13138342865329153, 0.33810353715128344, -0.43458470310479896, -0.0021079629877187437], [-0.19968783543753266, -0.06787514475319166, -0.24326606911646095, 0.33499566273097214, 0.1270559211378148, 0.10563655185736386, -0.15247845418342865, -0.006001506394844399, 0.26914628741688357, 0.1585293700460988]]),
     np.array([6.474601260918312, 4.6182875315886935, 2.5689058405747924, 4.743164100572246, 5.767855521809853, 1.756092663295125, 3.750583596997091, 0.6562850881691565, 1.887227915927207, 2.8540300592195957])),
    (np.array([1.019056645232344, 1.3401862773839206, 1.3342909270370464, 0.8179520123937432, 0.35731459901207907, 0.2821933994033279, 1.1000977620171672, 1.0858823628623502, 0.5494883970056469, 1.5485604503615527]),
     np.array([[0.44662619728350056, -0.06748224104407236, 0.12292492173977378, -0.7764635655770712, 0.45582628946074283, 1.0275892741637103, 0.0008029865923793015, -0.10385237441496371, 0.013830672026495247, 0.09224254543141118], [0.8118972486411297, -0.5990025790811463, -0.2084711737217716, -0.3056701105222357, 0.30694438440049227, 0.030391249389592995, 0.06845620633865966, -0.02618404406373648, 0.0881345034248111, -0.01637290228916668], [0.24564190279861933, -1.0276529254845297, 0.5508063171199072, -0.0017753782065652647, -0.22613245503425003, 0.18830807091587634, 0.02835476249893113, 0.04415180929968055, -0.009409922874566486, -0.06131653993069833], [-0.3856764404101851, -0.11105323869242648, 0.9831837350175074, -0.876932100258251, 0.15122945985939829, 0.25694871488907556, 0.020131302305007495, 0.005359601652179975, -0.026978331859487777, -0.10135012695657486], [1.0500402596720266, 0.22652682713661929, 0.21864761995091644, -0.4123715766517084, 0.10011782297096425, 0.09970729390134826, -0.05857116931684398, 0.1376799932291569, -0.07531986064062804, 0.13499776624111248], [0.020151095508133838, -0.1207227110443829, 0.8627119718610067, -0.7984893335802322, 0.14553643270164335, -0.18325002977821586, 0.01689860887288815, 0.026626353547430568, 0.0487392838442182, -0.028941128601133636], [0.038982185091350555, -0.07345280123965751, -0.03758053849739299, 0.050925384381460825, 0.008572299408143783, 0.5553420050831017, -0.18161088871967498, -0.19459889878103012, -0.23165324171044457, -0.010361997286692987], [0.026888930796936637, 0.14574109526781268, 0.05608233194801797, -0.050020787589930484, -0.15696825877717127, 0.16400906939900758, -0.12616218744475408, 0.26084389406556696, 0.5510836964707116, -0.024203472736656177], [-0.06623636707172954, 0.011399635858959286, -0.022503366319144392, -0.17963948159278287, 0.05109584332412867, 0.34628448456886674, 0.1672628467455087, 0.42319545112897405, -0.552969401923566, 0.014313320813741396], [0.043994849622898506, 0.14276391631093338, 0.05657873286061169, -0.10874641925922982, 0.037634156716238945, -0.2163083985871914, -0.04783997366118626, 0.15161593847334848, 0.37131455863494395, 0.34773199745639616]]),
     np.array([6.871763019947796, 4.26500865252374, 2.754251645998376, 4.846464111196318, 4.977243460368339, 2.0230076802080195, 3.98621278555165, 3.8468810025965805, 2.5810022852636756, 4.4228827996338005])),
    (np.array([0.9886163813924508, 1.3538591008376542, 1.1533563307202117, 0.7093693804312619, 0.5323970362923086, 0.3076336497279662, 1.126122785922687, 1.5948550040436114, 0.4631300405045873, 1.6773676806243478]),
     np.array([[0.16307130503519465, -0.13225195743399012, 0.3234048130008495, -0.7621685219183916, 0.6063373615085844, 0.3150187990154644, 0.15452790836342278, -0.019244226247190063, 0.10948860925975637, 0.03595297922096632], [0.8156571848371024, -0.7266480623357302, -0.13919103491022525, 0.11213701805937175, 0.34648721267560423, -0.26408271020815216, 0.2144072228083655, 0.0035650921953994507, 0.15330725228321243, -0.1551145950978388], [0.3453742921913318, -1.035330168268387, 0.6918380055500619, 0.06372206987800291, -0.06718592382751092, 0.16698713075534755, -0.016796991040294716, -0.014012939936842694, -0.06375172588280718, -0.02509280448866897], [-0.35551356404312834, 0.00757354024583126, 1.0168370423145925, -0.9137701028581405, 0.32858456374148276, 0.1299826920106642, 0.0635514273036188, 0.09353073084939365, -0.11293828303089076, 0.002502052959213138], [0.7440346152403174, -0.006385717658588099, 0.25029388489913995, -0.5257980248089071, 0.4446580805857189, -0.1826043199029606, 0.01353362388732747, 0.07298751199628878, 0.014814794457675735, -0.007114484305093008], [-0.007820574398589084, -0.08946191209248305, 0.6634036210936258, -0.5652677488422446, 0.1340625403333158, -0.21005103152838245, 0.012511992403656217, -0.008831808962294956, -0.036384619475833366, -0.0031457255942409505], [-0.15162342367242723, 0.1745187655818217, -0.10139120629796995, 0.09114220664151222, 0.041841191408050135, 0.7025813348797358, -0.04004921377830201, -0.28787154079217314, 0.034112197123306716, -0.11972320485912971], [-0.006937331315055586, 0.004596754668781959, 0.02221411533660315, -0.02478669934356026, -0.014689827717695059, 0.03333866391583626, -0.023504411207738853, -0.06256677023053478, 0.10803081286314463, -0.005342013545340286], [-0.04855361025996239, 0.020821855523181894, 0.07066959630462961, -0.08831422729516376, -0.03072578438149659, 0.15586603471630894, 0.29068088824585625, 0.502792096960169, -0.674374663230165, -0.025964382140521842], [0.057239210729229884, 0.054946820933679495, -0.1021722447473192, 0.0487355119853422, -0.25829766094415185, 0.021972971164768082, -0.12169544469835496, 0.04463948937750493, 0.221867782782068, 0.10499690827008239]]),
     np.array([5.600582365563882, 5.1280698211659095, 3.0778193230564965, 4.2949377606128545, 4.302443088363464, 1.4915949523666243, 4.263286674644834, 0.11142179002219042, 2.7064236847647614, 2.3534160709430587])),
    (np.array([1.061279791224892, 1.4213874513555147, 1.1258105131512026, 0.8603928404642521, 0.4303022378863243, 0.279567774660142, 1.0317506430773942, 0.8543732608186968, 0.38487719410247817, 1.7147685927785858]),
     np.array([[0.47291105551367474, -0.14771522947955953, 0.3137020521529925, -0.939537113481647, 0.44199954316642676, 0.4317313497466521, 0.23307217491270865, -0.11875554540264095, 0.2623911078818458, -0.13798814289624992], [0.7599791994414447, -0.6529082402152983, -0.12008606632237191, -0.18644367921935423, 0.23819520185486157, -0.0010665735578421383, -0.09392106840152512, 0.06959713632200655, 0.06731087037284221, -0.02959162477580984], [0.14973975904257264, -0.9886625084049805, 0.5268339885183798, 0.06297892733132686, -0.07675380209340175, 0.4520513777514294, 0.02236268802343368, 0.010667327629990756, 0.12103498855025878, 0.05540826360244752], [-0.44968008365553525, -0.03129700775140821, 0.9827175920899949, -1.3188351701041792, 0.35771058306925646, -0.051725798460407715, 0.1967336853073596, -0.0843879491829243, -0.1857936715041418, 0.07064177201412085], [1.1442434634058005, 0.21809287117103965, 0.20964065118544073, -0.4762841019285426, 0.5607495272208816, -0.0446111317941754, 0.07018618907612542, 0.11357440233633623, 0.05239196307397223, -0.011182455987449729], [-0.05942955790095479, -0.042256753627870666, 0.7709766806700182, -0.7801791441326179, 0.0056382161253577725, -0.025171118944193136, 0.02857415359916972, 0.053441168420599504, -0.06182669749429044, 0.014215939189178293], [0.02279110596237005, -0.024325936633429284, 0.041662485778300375, 0.023591364472704948, -0.0016244366918189723, 0.4048649828846623, 0.18028104362094932, -0.2903954538157572, -0.06437277106809285, 0.04025825351441651], [-0.06672369739087432, 0.10671747607106774, 0.08975058757852211, -0.12756782988766507, 0.013836302715795487, 0.06620955731048397, 0.0818756504763477, 0.20613592798530359, 0.2992576288623569, 0.003086978559196617], [-0.03539430074773801, -0.04818467155425336, 0.02403209829853174, 0.1042413625860447, 0.0661354361319737, 0.1762396266460413, 0.23635941157174425, 0.3197364854843961, -0.4642718471565579, 0.030803622744743932], [0.031039774405531954, 0.08144603898573421, -0.01259710997654117, -0.1459291617502983, 0.06777613526945761, -0.3468891627989875, 0.2261038967331186, -0.06162454878895926, 0.2032730317351918, 0.3257887962025542]]),
     np.array([9.755243119033363, 4.514571857955808, 2.5007108326053964, 4.972452724754371, 6.593643855672012, 1.7619247784262897, 4.879985105396035, 1.5081620251170478, 1.951125054660661, 5.597724443224549])),
    (np.array([1.0139137562816203, 1.2486376175061948, 1.2818502969122167, 0.7315814357625109, 0.45644347134010604, 0.24290616644104437, 1.0427041027735648, 1.0635466017740411, 0.5554045691770559, 1.6239097409975838]),
     np.array([[0.38242513955139723, -0.14429718797309016, 0.0477361483572035, -1.1927435371329878, 0.7051785791182071, 0.9713211772192052, 0.04647431658132789, -0.08121779526976121, 0.42467535877604057, 0.06624175906290022], [1.0201257799546033, -0.7770031333792251, -0.18636750109964537, -0.018280554739033193, 0.4015084389836541, -0.19586834334724662, -0.16433117128178729, 0.11377553453466316, 0.21866378044012133, -0.059735657494466465], [0.1566888552931146, -0.8170718927844609, 0.5100926315182646, 0.114926231162258, -0.054257542002223574, 0.11421078634653117, -0.11218024525790168, -0.01722877155771707, -0.06507568078341064, 0.005812873290020197], [-0.41638622897383026, 0.21728889521616132, 1.0387122768454564, -1.0782845028306103, 0.3198647665446945, 0.5304217775099503, -0.08260822479373206, 0.04168400927773618, -0.1652128260255985, 0.09635437256955424], [0.974595350711946, 0.09805935854426961, 0.20350115222578127, -0.3692487227233567, 0.4356637101639695, 0.0017898207117902861, 0.002573105224958312, 0.020605724433386746, -0.08951918915849548, -0.03836048147963877], [-0.012562393297259496, -0.08829672073657346, 0.812596200141157, -0.6987550613134619, 0.09274549345233354, -0.17515393466319346, 0.02950071911495733, 0.0017632533688259396, 0.07743612225231258, 0.019824518211303332], [-0.11970721539770973, 0.036165328686526256, 0.026332863572227846, -0.04027460850144794, -0.1260999170037178, 0.5874800003118292, 0.052317208137726286, -0.27924307355163674, -0.13276645438424198, 0.11378456304478271], [-0.12174189159468965, 0.041687474531092714, 0.09445247639841892, -0.02986410866658642, -0.010521124505083895, -0.1124710175379383, -0.009748656824065411, 0.2538766408571306, 0.567981714441223, 0.11683999739604954], [0.04833411484931351, -0.06998807613069459, -0.12638346774305814, 0.06836996433672597, -0.07608627471921882, 0.6304913931574744, 0.24669718516566574, 0.3019996441593182, -0.5948344210692583, -0.014174565362865087], [-0.01238954409720444, -0.1689993674861097, -0.026899721797541545, -0.0498775818854539, 0.18925603166239097, -0.10605668611229034, 0.01633758377016303, -0.03322029603049301, 0.13287128446217425, 0.4104210798286555]]),
     np.array([10.14402852077281, 5.345728091304321, 2.175379607332345, 5.596655676241551, 5.0182786435888005, 1.6920538770945832, 4.126653607572396, 4.13701906501434, 2.847458941396325, 3.160668491136432])),
    (np.array([1.0640595187825403, 1.3379901638516691, 1.1715529740790103, 0.889659426372554, 0.5160000837206438, 0.3198811133959424, 1.187540433169472, 1.0199773507497236, 0.3455175298246944, 1.6156515479636189]),
     np.array([[0.5498268864648347, -0.131893594792221, 0.11334665978885798, -1.0133209353161798, 0.37376490392864115, 0.749277187337272, 0.1347074878203812, -0.08845107461123129, -0.053003934674304296, 0.008570547101145179], [0.7559790526428679, -0.6706957061887981, -0.07396862959392599, -0.11879501763364166, 0.19658373276665775, 0.1457803427680086, -0.1495078818428763, 0.13619806439699728, -0.1597016211157098, -0.08523972334691286], [0.20853772874936868, -0.8885559903477392, 0.652548348463905, 0.05519745858551935, -0.14721990302122157, 0.32947052606765953, 0.03135057621852586, -0.02867231532953537, 0.045954197648179027, -0.0475695571673556], [-0.3802639921278971, 0.13463419362559567, 0.8440015004400812, -1.1260311818803403, 0.35791316890459973, 0.21069170841314633, -0.17047754588476627, -0.039949803083919606, -0.043367083398387136, -0.012247273692973208], [0.8795969210407091, 0.11505507323795207, 0.10524697833015464, -0.37276378324209963, 0.3634946551024193, 0.011606912891613145, 0.009492755287376376, -0.029508628337654597, 0.12259112232277446, -0.07724836050030577], [-0.03496262122632743, -0.09038304009840617, 0.8928715000894214, -0.7968896128430168, 0.13997373382994738, -0.25330444565812, 0.042539204165694774, -0.07648284229708598, 0.06134350775297511, 0.00957875315570604], [-0.004122400951631733, -0.049979667516160675, -0.004240710096190816, -0.13126575555695513, -0.07158374057794026, 0.5574183946871771, -0.08549008760702781, -0.1808344465257151, -0.04094887432698252, -0.0008840082278733659], [0.06423954550801204, -0.008839633704805264, 0.08700187479777843, -0.01906539496307269, 0.009785236889296133, -0.10288151672169527, 0.06429296567642966, 0.14638106323025646, 0.25951840722646574, -0.038171045063536496], [-0.09191114434856353, 0.041800431594053646, -0.0009666873671630376, 0.021485692656834733, 0.016103236046337045, 0.20666799033376482, 0.27218769033592444, 0.5158496862078565, -0.414470893299764, 0.0719632271344803], [-0.10135764166734434, 0.11271000174632949, 0.015093257505671311, -0.019745619277652754, 0.037305715089225956, 0.20554019434945375, -0.2710054744317865, 0.12384271016100899, 0.2514043525599418, 0.22801372562441505]]),
     np.array([7.3641109607848705, 4.7565210663267, 2.597817822768418, 3.8938998793392345, 5.440290508853029, 1.7272171256833133, 2.4982821080992426, 1.2829087101047074, 2.748297594749246, 3.139524845766805])),
    (np.array([1.1235843402127017, 1.4250832696097389, 1.2805616950379255, 0.7230385123626222, 0.5010364988238766, 0.26227715293123116, 1.0499990985331575, 1.0066242923854527, 0.4180259893642895, 1.5348248638038318]),
     np.array([[0.37474775448799025, 0.1003010142726985, 0.24867413980705572, -0.9261682377273798, 0.6274534067554032, 0.48014519757641555, -0.16986565350006236, -0.18969038117240855, 0.08301164400904013, -0.2156969352669345], [0.7044059849649086, -0.7122664797580263, -0.2228922391704083, 0.13580254134161576, 0.0003833752086332322, 0.08319694834431253, -0.11589943532437409, 0.03933088933030416, -0.13179587033400567, -0.036433687936116226], [0.16059124018828988, -0.8817840642576804, 0.4734701231176167, 0.12029880850650813, -0.035371825144311204, 0.23335917772326426, -0.08161457373916975, 0.009481491394880444, -0.086988444248832, -0.01098729440748395], [-0.3191000453687488, -0.053497205328815696, 1.0640272662495114, -0.945890746155036, 0.2815827124198863, 0.40853318380031106, 0.025526604189369955, -0.12761489639580817, 0.1583609477474954, 0.3147646517693041], [0.9743015130414917, 0.24080174250921677, 0.3046754257503824, -0.472720795513107, 0.18573856142667905, 0.005009369758976876, -0.014786968283391185, -0.04123205074697589, -0.16758375797313058, -0.04629952352640101], [0.02620568570481506, -0.09828691998823512, 0.9360146072318309, -0.7351245268631569, 0.12019706688378985, -0.24461181977984253, -0.013423681991683024, 0.0026948828020359875, -0.008573117555212105, 0.007347092457345785], [-0.0804499935336614, -0.0008445517715407002, -0.05343642024207268, -0.1590124723968274, -0.08446396116696162, 0.8581616990997647, -0.18127514971288478, -0.2618456483032533, -0.1912311587926221, 0.11588954016010011], [-0.1080886553758301, 0.04701742735754212, 0.06272557289978788, -0.0071084784045924295, 0.06254661377557937, -0.004716923796800552, 0.022983453864549936, 0.024376952340996932, 0.32379928662413854, -0.02324237023857469], [-0.04010804743997211, 0.0017381843480356065, 0.08940925634218257, -0.11003904645096253, 0.08507719632286385, 0.42576966473115957, 0.26346931023278086, 0.5271247985900788, -0.4730626085768851, -0.06902574698774078], [-0.0025721006185641182, -0.19054766143688986, -0.02246177354319871, 0.22258121321411947, -0.21731499349417105, 0.18805876703901414, 0.27151238647523, 0.09035980176392301, 0.17621441501296306, 0.28176598916712386]]),
     np.array([6.859483839037299, 3.9947711800061936, 2.2543668457068553, 6.115001939642046, 5.479039267945979, 1.6991083712050836, 4.516186382671465, 1.0333090213406286, 3.3038712903587975, 4.127625390547659])),
    (np.array([0.9531539841535075, 1.1690126076559928, 1.1151784732390981, 0.8903218876787395, 0.3523238280646441, 0.35496430258122846, 1.2317693917336785, 0.8076078053528439, 0.6423062895684343, 1.128412350658314]),
     np.array([[0.383087680496577, 0.03568333188470325, 0.22355625248414454, -0.6457605820415545, 0.2966620283928258, 0.6139802812400718, 0.04034928195251176, 0.08302643582901327, -0.037598241714402014, -0.15120471602280555], [0.8843607329156277, -0.5449734793586292, -0.13290046824611093, 0.05326539609525305, 0.11970122293189898, 0.13781192194835057, 0.14605729192924094, -0.022904758526677855, 0.03571859866834505, 0.04570802709143241], [0.13246013724966724, -0.9203412650002799, 0.6184012609879357, 0.1610313817878672, -0.10799063890772208, 0.2987423797014236, 0.02935325473566303, 0.02497446895946039, 0.06517756314609216, 0.04727353934964097], [-0.41296584608854486, 0.05057619108828004, 0.8139804939942397, -0.8751559229237272, 0.14730947191096558, 0.1250673348355294, 0.1776955798157225, -0.0705242466900581, -0.06222974661728818, -0.08516434015964233], [1.2090836838514667, 0.21060307735018935, 0.0540731081983067, -0.39327361969412317, 0.27834932689817843, 0.29381716510526185, 0.05673663192221462, 0.0722036379045546, 0.07533793776466557, 0.07132412143733512], [-0.03084206622629916, -0.11357183883744039, 0.8216072907321404, -0.6711357825200895, 0.07860088386011425, -0.07534981270119676, -0.01258491854054032, -0.006566296971035216, 0.035838749534180835, -0.010304758371646286], [0.09284046746102573, -0.10368899536326236, -0.006139651383194661, -0.0025085480740130364, -0.09281509720793311, 0.33722077137986944, -0.1308351826528086, -0.0895135436718046, -0.20273559851236816, -0.007408025251019623], [0.09247263727858063, 0.0996155303957396, -0.00985055742604656, 0.07589808133669279, 0.016612526893019168, 0.1251167227387171, -0.022411024647333976, 0.07191375450091635, 0.4206915823298261, 0.022241881150709682], [-0.02497835810179546, -0.10159317704432462, 0.04124432686454098, -0.14132863073224977, -0.00596831852439019, 0.25561990767680953, 0.16500064505097328, 0.39866318275520973, -0.5166301817688475, -0.0423698388829704], [0.019035674103406626, -0.03208332192264953, -0.006038462135424831, -0.038513721001604245, 0.0458611492154663, 0.07097352953302452, -0.004549228422846359, 0.03082079557924329, 0.06780538349515212, 0.10394210210167139]]),
     np.array([5.456833271106221, 4.140342318613423, 2.4981354180741215, 4.015622659625396, 5.7766391026958095, 1.698472337038611, 1.6042876194472164, 1.648791012495694, 2.307910433859446, 0.4507442423823979])),
    (np.array([1.0170786539219236, 1.344688363778072, 1.207136383697212, 0.7667847283201409, 0.3584587147720069, 0.3419897925896282, 1.003605002338844, 0.9016580529224582, 0.5134448071622143, 1.57192365923401]),
     np.array([[0.26122647572686936, -0.009673584094879565, 0.19080698919500963, -0.834961942606617, 0.8643234292099301, 0.6051744316032058, 0.03850465297478919, -0.28309775521263714, 0.03350959530627573, 0.13046591337843], [0.8350990107332636, -0.6344383650195524, -0.07657338103604655, 0.10457144506684982, 0.026442053959200344, -0.04577840310326316, 0.06031282196764231, -0.028646422916611212, -0.19675789897650378, -0.058081502613744874], [0.17636966063629325, -0.9827219870040025, 0.6036135463477361, 0.010563681298511086, -0.06173894502977631, 0.2706813852721794, -0.02554432064999586, -0.024737795810998314, 0.12693606023039122, 0.03820507997932294], [-0.4802007566615504, 0.046401629631122224, 1.1116559056446191, -1.1344821417060686, 0.44980301784159576, 0.07259270077933962, -0.020867428774153714, 0.002992553876778054, 0.07214840770512204, 0.08438295639271524], [1.0047269872076912, 0.22153010885165014, 0.20496982243972134, -0.2662107729066736, 0.28454273711226, 0.08922914959013005, -0.07247700223562985, 0.004035651674053079, 0.0878118885437549, 0.06790559916991994], [-0.005484605396907884, -0.09706436399240363, 0.9453821046719297, -0.8546389747942597, 0.0930671830768416, -0.11391092168102225, -0.007986043961500747, -0.07772599851404771, 0.0025155260840818614, 0.0011868403559641345], [-0.0536505496337936, -0.08230289950449592, 0.1554585635364775, 0.18412806853796138, 0.07279319913455821, 0.7504170476300812, 0.03123842478008713, -0.24813986870735963, -0.15909545905518369, 0.04501080893708944], [0.06664089986607007, 0.06528452521012205, -0.08144573753398206, -0.05057963984539888, -0.035732396501418864, 0.010511746971284958, -0.019987684877964693, 0.1170592696999157, 0.3614394161712399, 0.02322288163162961], [-0.0934423674771874, 0.188078050630285, 0.08885529945912546, -0.017665631923495267, 0.03695031635670144, 0.3252030074522266, 0.11886248221614536, 0.43466666896440853, -0.4830412807652012, -0.13736303967971994], [-0.07387055225052597, -0.09242585051505899, -0.0415423674848633, 0.07304211677797487, 0.039070423474978515, -0.010393512954514397, -0.08646264449935188, -0.08913244869580947, 0.7099718443382523, 0.2708999044038101]]),
     np.array([8.571157574526014, 3.568073801588992, 2.5727116610245293, 5.6657201961777455, 4.933646571022206, 2.144387239297858, 4.521036115127911, 1.1221390750411764, 3.325429787509244, 2.6812096634629428])),
    (np.array([1.1136281450654506, 1.3720635461156176, 1.2882386913037196, 0.9000250349370329, 0.45219919891809573, 0.3268994982645297, 1.1737985826399213, 1.0187717458277856, 0.523028366844051, 1.5969366005291314]),
     np.array([[0.43011692909349736, -0.08055405022134082, 0.16091520165194262, -0.8718858408348924, 0.1239853954022842, 0.39092954250101136, 0.0076422475528925326, 0.10819203304364364, -0.3822555703112226, -0.08901024066983049], [0.716836219127991, -0.5437769358997068, -0.09296992392060419, -0.03463773828933459, 0.008380040250365267, -0.05487641318703511, 0.011693950283844559, 0.023933172963808362, -0.0761672290507809, 0.04305766579602323], [0.1569279649574038, -0.9446700182196993, 0.6784710502835213, 0.05194738543954052, -0.09289765554304627, 0.23381443127770693, -0.15273852242757216, 0.003967252977163655, -0.0022274170913483085, -0.006811495417818329], [-0.4486602384174089, -0.18827505913904047, 0.9132269024346914, -1.0957159458890875, 0.19343765017544012, 0.0615851203744243, 0.005294893614403172, 0.12432633774585283, 0.11142118994254074, -0.08783619545107103], [0.9702896861049308, 0.23197341193106988, 0.15242103188918815, -0.3138308365873141, 0.22279227963511308, 0.04993951915865096, -0.18472954885488171, -0.06673939686242755, 0.036116674882924686, 0.045352267626104614], [0.05930062880971028, -0.07357284324132823, 0.940266962414636, -0.8263941860750644, 0.10245841244698078, -0.2592863484195168, -0.017032845257186863, -0.03513727044899132, -0.13472123812906095, 0.015237580119700745], [-0.11983043040283475, -0.16455478265364615, 0.10502979778687176, -0.025137327277913738, 0.04297511453353377, 0.6490567545995573, -0.2616917083692028, -0.2772409960817399, -0.448070470899492, 0.013204102237952481], [0.0786274842018966, 0.016879019342736508, 0.027411938095267506, 0.04277687590214151, 0.05140178346893709, 0.1714576264948616, 0.00537461422531312, 0.1653350814870026, 0.3423482436434031, -0.05770056307790288], [-0.006671912141096785, -0.14038646851805966, -0.028978502054486897, 0.1106535137065322, -0.04018676543928165, 0.22313550069428786, 0.3036039773907898, 0.396341700237159, -0.6359646463481162, 0.05738929943743152], [0.2151423209898302, -0.06604483098497017, 0.028283639557837133, 0.08870477055742079, 0.16864167509579087, 0.06063701165805358, 0.16528912806122031, -0.31956797183436236, 0.3017345924280335, 0.6012011323723038]]),
     np.array([6.4558584662611445, 3.75486383419466, 2.711922530813817, 4.092170247380932, 4.470645091649191, 1.7825951313011765, 7.369850470062967, 2.0638665769412214, 2.6471279728604102, 7.357685965974673])),
    (np.array([1.1167092544792327, 1.2045463836338755, 1.2084004063681015, 0.6682349600124045, 0.4551598908290923, 0.33208743547735164, 1.1412826811000154, 1.121961832681001, 0.2812339804191545, 1.737998747519193]),
     np.array([[0.27342949036430303, -0.21560312567757126, 0.3805015737604284, -0.8787835834193448, 0.8381795009272736, 0.791353598010783, 0.023642525805766867, 0.10159203194262702, 0.11446077758971712, -0.3644085954037527], [0.9014616036977554, -0.7931883053462069, -0.03138057984424566, 0.03951577413581421, 0.31428947284441994, -0.022109721548423382, 0.11631281592945017, 0.10197204332693008, 0.1358650757498355, -0.057394727109483845], [0.086103012232946, -0.9589022068805733, 0.5687267256654274, 0.026605173309562948, -0.1761680106119328, 0.46034418111532177, 0.11542468885050138, -0.040185703774996834, -0.09814014740125879, -0.018969499046536335], [-0.36910392329892705, 0.09102722388377314, 0.9173999999554556, -0.9200560494447737, 0.27424284114072506, 0.19107032338314445, -0.04581704466956257, 0.10951623907989193, -0.22161933034817555, 0.18929538911613605], [0.9304027905153048, 0.0159720354203871, 0.27362999909208513, -0.37714124956529715, 0.40664563979513413, 0.0755556103528087, 0.0001815064398550403, -0.07023624318725018, 0.05947892834475506, -0.01897119006135018], [0.028601768982027983, -0.13673017606931498, 0.9470379633058542, -0.7172447229573391, 0.09301029644962562, -0.029658932001898446, 0.03745726977919577, -0.029972837285099894, -0.02674389693266322, -0.040832446656223105], [0.13154324162258424, 0.06866826521694978, -0.0822476262503412, -0.09491148624076215, -0.13533286039520273, 0.4345018893818624, -0.2128246171835316, -0.2774811738907417, -0.0813567800181515, -0.10572024310975181], [-0.005427442350582873, 0.09422061025571932, -0.023788077305298604, -0.028482655677875043, -0.028178543247480606, 0.033083540358288074, -0.19072236286443928, 0.16538068625448424, 0.2757005638587488, 0.01540506167613795], [-0.0013922405464029495, 0.09118419094671035, -0.027747132638427097, 0.055869704042702195, 0.014033030387859378, 0.1933388094539431, 0.2890426422122908, 0.4091834302395435, -0.3457110498678923, 0.11977205243241848], [0.1635145821881015, -0.08614470307970458, -0.03364571822388625, -0.131085882386277, 0.07564817348887536, -0.08677555209777753, -0.05802014091042149, 0.004743070400362938, -0.0019385401849980966, 0.07566538994363682]]),
     np.array([10.436020867876726, 4.82399049143412, 2.794920888032115, 4.569407300502437, 4.920517722301691, 2.1519994999116774, 4.684839709431966, 1.9968182511859462, 2.4632864538084447, 0.641902376624573])),
    (np.array([1.002083169160243, 1.2734501405138277, 1.2469619770546851, 0.7641136159029865, 0.6046330838887964, 0.18671546949479487, 1.0801230001883118, 1.08687018351127, 0.5182124503526644, 1.8090936368132995]),
     np.array([[0.21346056558325563, 0.03949660215597104, 0.15372693403321605, -0.8454099282057989, 0.39503523942571933, 0.4944618014496541, 0.10187761426707669, -0.00040692021631471567, 0.2823933257597728, -0.04451866308130549], [0.8290603455120985, -0.5916033320718851, -0.24577294959744794, 0.051871873705312335, 0.3105168976196581, 0.04218934516935456, 0.05724444990595281, -0.02382987455394181, -0.2380748515691211, 0.0067855247575963305], [0.16908239058456861, -0.8536775011000605, 0.5364922374444836, 0.0934944171366432, -0.03408933215279926, 0.11361692118558851, 0.04876974962455678, -0.02760016003587289, -0.033984047030615645, -0.031265084652418784], [-0.39644436782256004, 0.1369959196353172, 1.151197561253809, -0.9754186377819073, 0.12198389611006409, 0.3773214644587955, -0.034042818525124544, 0.0006964967233691407, -0.1461275771932799, 0.014115169889159089], [0.9880449947175645, 0.1294673392499279, 0.2011503191782854, -0.4488415788213996, 0.2688271663666279, -0.06121919310748605, -0.17682343380752105, -0.018829529810489767, -0.1313119748143734, -0.03194638182776072], [-0.009961215264221068, -0.05909925442778869, 0.8506069105584652, -0.6709111506117632, 0.09600827535395104, -0.09851925446233796, 0.015002238596038671, 0.016211012269004784, -0.006620695875836794, 0.020759712292266676], [0.05592810157051957, -0.05795990274761081, 0.021737726947808327, -0.18268945533923606, -0.09087369613308657, 0.7504852962498482, -0.22302006742542063, -0.13441560888926418, 0.04397592319324082, 0.026879273849543608], [-0.112223230710079, -0.03634571588361647, 0.07076501698070571, -0.21289071698697581, -0.01584892209238855, -0.047095556156910766, -0.019936186543248035, 0.21250437659117002, 0.5806886862003089, 0.11923695178491622], [0.034463008431235655, -0.09071278092894963, -0.07661884708275069, 0.047539435678690165, -0.018764243818465236, 0.1770629304165039, 0.18939036784555055, 0.3145571089349321, -0.44515815502898404, 0.01675478687196151], [0.30531356882199645, -0.1225005479024941, 0.24379705841861823, -0.24231558972492137, -0.20649863000612326, -0.10285361961686748, -0.34654455781951865, -0.19800997481574728, 0.3765603265621221, 0.3255574316008444]]),
     np.array([5.15594957134614, 3.9558717839787607, 2.3552069653816985, 4.8170322766128155, 5.287293517419998, 1.7476527570150615, 5.074499977423128, 3.4162902199194165, 1.857830995904636, 4.301058347351561])),
]

vm_hp_final_estimation = (
    np.array([1.0142962250297205, 1.2795678633032366, 1.1992394800143849, 0.7766392753356531, 0.45737216308316503, 0.2682678012273365, 1.0622105160296242, 1.084190725172633, 0.42618453616924507, 1.618208965572239]),
    np.array([[0.38524361678253477, 0.0, 0.20528951973586973, -0.8333975589793262, 0.47068041850603026, 0.6561330387408144, 0.0, 0.0, 0.0, 0.0], [0.8832554765572228, -0.6106061584926771, -0.13816061322837722, 0.0, 0.1437879918198957, 0.0, 0.0, 0.03046803284646611, 0.0, 0.0], [0.17143279995900237, -0.9366856758694205, 0.5856824304376799, 0.0692877481136521, -0.08111676889542091, 0.27481733582444295, 0.0, 0.0, 0.0, 0.0], [-0.38722669332769544, 0.0, 0.990432834584997, -0.8531679479294538, 0.2537106535329384, 0.21942101333984812, 0.0, 0.0, 0.0, 0.0], [0.9841269131988266, 0.17946795870956836, 0.1924507557492225, -0.3674883019457061, 0.3346993671378495, 0.0, 0.0, 0.0, 0.0, 0.0], [0.0, -0.08409066127540951, 0.8199980807422376, -0.6850553356802165, 0.10436758823717385, -0.10039834937382967, 0.0, 0.0, 0.0, 0.0], [0.0, 0.0, 0.0, 0.0, 0.0, 0.587665518042219, -0.045253553962688695, -0.21772327108082634, -0.11993469416625821, 0.0], [0.0, 0.0, 0.0, 0.0, 0.0, 0.0, 0.0, 0.18707233687042826, 0.44744068087970323, 0.0], [0.0, 0.0, 0.0, 0.0, 0.0, 0.2787645762200525, 0.2527504137467847, 0.4218911661946285, -0.3757423797130483, 0.0], [0.0, 0.0, 0.0, 0.0, 0.0, 0.0, 0.0, 0.0, 0.3454292399970285, 0.28397220214419827]]),
    np.array([6.929750586825313, 4.593880982380127, 2.6028890439012105, 4.810628194112236, 5.395463964904217, 1.7760805876047745, 4.154028632118032, 2.7637074842858507, 2.669402637628126, 4.138725760094746]),
)

vm_hp_interaction_matrix =   np.array([[False, True, False, False, False, False, True, True, True, True], [False, False, False, True, False, True, True, False, True, True], [False, False, False, False, False, False, True, True, True, True], [False, True, False, False, False, False, True, True, True, True], [False, False, False, False, False, True, True, True, True, True], [True, False, False, False, False, False, True, True, True, True], [True, True, True, True, True, False, False, False, False, True], [True, True, True, True, True, True, True, False, False, True], [True, True, True, True, True, False, False, False, False, True], [True, True, True, True, True, True, True, True, False, False]])

vm_hp_pvalues = np.array(
[0.0685089378193856, 0.5193074351746969, 0.2523497751370715, 0.12840735690223903, 0.5182623512110149, 0.5361446190411618, 0.4748987937705316, 0.2502554485913608, 0.4081905233069682, 0.2824032012763997, 0.11590408356900056, 0.532885955875797, 0.24119227219655925, 0.36437475486915155, 0.16883584733800466, 0.5809295027928936, 0.45247693136182837, 0.0759835639453803, 0.14623556648608343, 0.162040408944292, 0.76743824296388, 0.27756533653781246, 0.5312130786012075, 0.24508639879403799, 0.12141247364377677, 0.3227959885368901, 0.45327061996918033, 0.08718783287207788, 0.3490238391966913, 0.5168694870432784, 0.3873684749816437, 0.26466657557495715, 0.2582706550068905, 0.5127431670447857, 0.31701281772223305, 0.5669213947411682, 0.5320203786619067, 0.07705294453452105, 0.06716090341740677, 0.7578832400756881, 0.7597118221952317, 0.233441278029763, 0.48332205552617463, 0.18184077272337212, 0.6757248764925743, 0.06764565926668564, 0.1500279840683894, 0.21973118525959673, 0.6801273814589797, 0.23495269287924936]
)

