gvm_vm_estimations_step1 = [
    (np.array([1.0103562978518754, 1.3331991369504115, 0.8234657512974505, 0.7508920347072734, 0.4555234265205519, 0.21932131658747037, 0.9764013979514996, 0.9548867778663926, 0.3176887130541844, 1.4154291403270296]),
     np.array([[0.8138373598383732, 0.23750080726114803, 0.23964152902114974, -0.770039433414105, 0.4000069475219475, 0.8132493012607899, 0.009912549986600442, -0.07438842998804186, -0.20595778266761403, 0.06893523221396848], [1.1089542554527023, -0.6142472523666335, -0.16510213956923425, 0.059782164444473276, 0.12376357839651603, 0.0753267263151136, -0.009667327756588115, 0.0691646487998616, -0.18902621638168488, -0.04667029063516099], [0.15717406927181368, -0.856281890533901, 1.7897873657524963, 0.32442845868884207, -0.03133530282835677, 0.32024474109497847, 0.009372878755765233, 0.09041329015905082, 0.10160097354477814, 0.0942735383227893], [-0.40327745858824754, 0.07203969119077926, 1.000082945834421, -0.8267528287466998, 0.28476167228169313, 0.2518739055284147, -0.11069012193983066, -0.053329747997741886, 0.22738036464280476, 0.07106790294823162], [1.243447357861514, 0.38638117531946486, 0.04322383313393348, -0.4120568229720681, 1.1892455224423653, 0.25338067918209, 0.10845971561931074, 0.026485269940690486, -0.02407762342718883, 0.07071837252106765], [0.034321518912023084, -0.12422935541479957, 1.1935320876939806, -0.6834457131993166, 0.09142939908400889, 2.173515064611674, -0.013414760375342581, -0.03272893998610734, -0.013648573883651349, 0.022323023236830945], [0.03606378695820817, 0.13847438105941226, 0.12322749953781606, -0.23116027487886753, 0.20141314086908768, 0.7427120807794881, 0.045554340259032655, -0.27212987948103673, 0.15202617469797083, -0.08716565891448187], [0.014475262695113063, 0.002955058477349134, 0.0743074147638714, 0.22430328915225592, -0.015212347310041643, -0.02108814072336352, 0.0537094268175424, 1.4296845803949307, 0.8842135342869655, 0.02102479081151532], [-0.07919267722111153, 0.01601159176523524, -0.018843702733677622, 0.10653464023841971, 0.01402059242568721, 0.27586354807820485, 0.33507964815528296, 0.5382693408867965, -0.13489526496637827, -0.030891529483256866], [0.13999512984726578, 0.07151849541179951, -0.036671228604478606, 0.259175983949363, -0.029772423465005304, -0.17217995065402728, -0.06760435326398731, 0.1351062610552094, 0.434048652042063, 1.5876371337344868]]),
     np.array([7.444708845289154, 3.3164502328889296, 2.2656577976987906, 3.3275681015793634, 6.110041499024524, 1.9511812413921807, 5.519468291493349, 3.296616537698245, 1.4672803079526555, 3.2844821626929193])),
    (np.array([0.9953355271855944, 1.380311994298914, 1.2113712058777693, 0.7216191167063722, 0.47307750097992807, 0.30317685460046623, 1.2193191546031512, 1.1382236019280583, 0.3246894515518807, 1.7228393343674837]),
     np.array([[0.9655153251314571, -0.07189091076850142, 0.09415645156713925, -0.9325935794551081, 0.5388555968772595, 0.9036117227001457, 0.04963102029519036, 0.004964274315454965, 0.09290487239806479, -0.08132191877726999], [0.9624626293125702, -0.5783259799644367, -0.3252301881455429, -0.04949313548689169, -0.07080496012230118, 0.16760717453200039, -0.07591919176624509, 0.107283256752955, -0.15452853507250336, 0.09293210201114216], [0.14676295134918224, -0.8539797495540423, 0.9925092194742469, 0.07423820207517952, -0.019669029680926663, 0.4973224586487899, -0.09997215163350047, -0.00011266777811154117, -0.16982648986114415, 0.05330510326820235], [-0.37633225584523317, 0.07896446546714508, 1.0441784544860977, -0.6933167664993121, 0.2779197420891211, 0.21602907330013021, -0.09640124452625375, 0.10295360164413664, 0.08426711595875641, -0.006726319263604821], [1.315991221533445, 0.3624776754531982, 0.25817351135016836, -0.48927392305483847, 1.130781377598989, -0.06791110997848247, 0.01637533940082454, 0.07144230672020309, 0.04759993740491052, 0.07067238963294098], [-0.03404052697786023, -0.11790948694536602, 1.0859812189470837, -0.7563775230811383, 0.16781851495722358, 1.5573205918771305, 0.030638102410681087, -0.04160217728852517, -0.014279215843450863, -0.030116486115452007], [-0.06596919669923801, -0.027354064089931084, 0.11870502791747105, -0.20948706618320867, -0.021896828295064633, 0.3705493079676848, -0.18488674128334134, -0.15847529007078398, -0.15410951916416235, -0.06460793197161216], [-0.04802331353939142, -0.052811784378827165, -0.0934515156275344, -0.11258607127327303, 0.11055750879199776, 0.12989493442498684, 0.048121744553035764, 0.8173376325318813, 0.8091618096584053, -0.04325705110538804], [0.08797207548798112, 0.005018267363712461, -0.03385584679971434, 0.06664712117100365, -0.11802961212150309, 0.33330000287114575, 0.3661276931724092, 0.6247662703896617, -0.1474877250656004, 0.009648508025131581], [0.19392097089266835, -0.20266106311530285, 0.08925904875849888, -0.05290970029781101, 0.14416299535040497, -0.39658407813022123, -0.08654725910540602, -0.05456947373327395, 0.8210055038539371, 1.4833166057719127]]),
     np.array([7.490649186046042, 2.6600586495220107, 1.9089222323594655, 3.060609784950128, 6.849928770907878, 1.6881636280357055, 2.1224022427853244, 2.4575498606124526, 2.0811907393519635, 3.3829277860274605])),
    (np.array([1.0812472565575986, 1.4464922196861685, 1.3274213912409978, 0.8469560962078445, 0.48152135445438177, 0.2560940661420588, 0.8516422995534277, 0.9620198214352282, 0.2957473069110888, 1.7730842973546808]),
     np.array([[0.5682773512983212, -0.09793637397825884, 0.15073473528899742, -0.699150799281582, 0.6181241753725096, 0.6838972251984073, 0.13475697560739128, 0.01654414986304374, -0.26072698456069265, -0.02055005682047851], [1.3089101976424737, -0.685763319717858, -0.2188617429115937, 0.09876166779030324, 0.24730499613039436, -0.0916693468781236, -0.0906771465345548, -0.01566763662918226, 0.2406502490773749, -0.09920903839372733], [0.09159256322262485, -0.9215576520009079, 1.1205258037710317, 0.08042969912435502, -0.14303916126576602, 0.5683000281009462, -0.16530491471539113, -0.06279285903659293, 0.04704913385522262, 0.0285695095589377], [-0.4871677570559878, -0.14211514407134712, 1.3972007236936, -0.8945825869622144, 0.24230057317880502, 0.2139370796756013, 0.15145342440664847, 0.026463424368372474, -0.008405121738001642, 0.010490723779863612], [1.132885796422741, 0.22155925641134422, 0.1162578626907965, -0.3419333359036917, 1.3298203140722726, -0.0017276847429299974, -0.12540160984089807, -0.09378132634751893, 0.11013974056546053, -0.021402878388427585], [-0.010515606895927771, -0.0784582203100344, 1.0280972965138009, -0.8682907729972541, 0.041421057227979244, 1.8224415765968014, -0.018264196868365147, 0.04231070554708763, 0.013701318182264149, -0.023661282836321504], [-0.09269773064945028, 0.09662386082329198, 0.03593769293567366, 0.0196519510057113, 0.09222571472931874, 0.5526138865868755, 0.30210145134369965, -0.12282852593546259, 0.005937108247096697, -0.01333941205218164], [-0.13232309649530938, 0.04382188317649027, 0.12302881207280836, 0.02853582026975946, 0.007783879794639669, 0.06807553413587918, -0.17975918646206515, 1.3043856682058814, 0.635477814873662, -0.0016952595865265465], [0.050850344732342775, -0.07908733747801489, -0.06974350569306689, -0.012593238622259025, -0.007518416424609044, 0.3880688286041966, 0.2962830908337473, 0.4542631840284124, -0.034991148689848144, 0.021773252554438603], [-0.10262018900266061, -0.07987408661825518, 0.013491794673615269, -0.026857139464379662, -0.05842356069256095, -0.03470568549803301, -0.20904952426918585, -0.06555814076611197, 0.2880137517685592, 1.0036498734925907]]),
     np.array([3.8902112834115097, 3.0951491293835014, 1.9223219412798969, 3.957048629338422, 5.483350335416442, 1.5380233348177237, 1.7885182554573404, 2.301188000572489, 1.1611127771825767, 2.660082139425443])),
    (np.array([1.0662427755483959, 1.2474242415689998, 1.3803715411511084, 0.815217749607648, 0.4585292201723148, 0.24686426542815804, 0.9090081811026074, 0.8406028557611438, 0.5368604797788553, 1.3244965054694713]),
     np.array([[1.0076457584584004, 0.006638815811520143, 0.09156830303899056, -1.056520117245556, 0.8934834634477504, 0.8767596146218166, -0.19359244669716574, -0.06523892895533814, 0.15576616515398367, 0.07913477392927998], [1.070786382298738, -0.5823778419656929, -0.3321693796484988, -6.24353945061877e-05, 0.24639789526467495, 0.018882222462307068, -0.030517793715077065, 0.034213507513029484, 0.25430619160340734, 0.05908157265611991], [0.15435331993518767, -0.9940293083626106, 1.1433232434856355, 0.03421100961210749, -0.09689365522551721, 0.43469136497402056, -0.09876625385710071, -0.09168647571472051, -0.005080544880023386, 0.0009164564630397962], [-0.39313300600670475, 0.06478225313761327, 1.1238757735768627, -0.8328792167758278, 0.1453077973816044, 0.19019200090453062, -0.09511355161738537, 0.022817640403994515, 0.010183907847249164, -0.006346121957495889], [1.4808303681609702, 0.41860507749574327, -7.346641188157651e-05, -0.40781335185917084, 1.5930483237659856, 0.3279344171920176, 0.049854932425772984, -0.026738855574085087, 0.17951101132141292, 0.027960682846708308], [0.03192269101831165, -0.1173724894717406, 0.907366758622799, -0.5981977065053208, 0.09609945292764388, 1.643801738586607, 0.04071559049142012, 0.002716458949996409, -0.03100917977242712, -0.04112553816885083], [-0.034300178356938306, -0.009635787635626522, 0.09891412486018143, 0.11967554249646714, 0.13294134353953704, 0.386607485091995, 0.10688810306606923, -0.23657480507880904, 0.00995514674217129, 0.06246661399958517], [-0.10658774724753173, 0.06864926147051482, -0.014474434195350251, -0.007842989673050584, 0.011450680219885196, -0.023516141614933542, -0.04947313099593697, 1.2565245717858198, 0.3908009300437246, 0.03557608526893441], [-0.049161166791544905, -0.08798191769491304, -0.012608987706629748, -0.13290742768077363, -0.023950541638612915, 0.2688464558249132, 0.34709271308474693, 0.4606474824713146, -0.3854878799172238, -0.008408842768981132], [-0.00239333531245895, 0.10342652037941792, 0.22057672958341104, 0.07119790835645542, -0.0709818699832537, -0.40291711042197653, 0.2891161587621966, -0.08204989773814228, 0.3358733117055964, 1.5997388322783097]]),
     np.array([7.334537350336152, 2.9826491944862825, 2.2903388132505103, 2.8678063483297955, 8.523424369447778, 1.513680264799938, 2.2344336175563346, 1.254564414169322, 1.7800224669921485, 2.153193845187546])),
    (np.array([1.0449889935511132, 1.3032610657203425, 1.0642605945292545, 0.783143152534487, 0.4032909600292813, 0.36124716261571715, 0.8792944121388182, 0.9707692709709038, 0.2609962209866147, 1.6531354795108906]),
     np.array([[0.9082691722922837, 0.0601035579811834, 0.37074323053428554, -0.853821483714483, 0.30085526609382357, 0.6512487845554511, -0.21557314992353926, -0.0325700720356947, 0.21636243867312024, -0.01448662439410213], [1.015101139925429, -0.4649958578418523, -0.16037679502451713, -0.08693064725661317, 0.2419921657250231, 0.07675980824246446, -0.024744582087384778, -0.14089077232693, -0.06243154192068481, 0.06768091490756663], [0.21826532754398778, -0.8219657929916023, 1.2846564387274415, 0.25453845995420715, -0.13709206857113876, 0.42067634190937747, -0.0817027052422529, 0.06600842519210721, -0.038946596999430566, -0.011120555187538057], [-0.39694076116579635, -0.08337542679866108, 1.080786452831417, -0.8591368684571961, 0.22787550033781173, 0.2439452931435542, 0.1464329687015153, 0.04570100855817944, 0.05783098471962917, -0.02475541486646908], [1.244287247057215, 0.2637395058702018, 0.26526749585515946, -0.3061388861910173, 1.686511697283565, 0.1302802465499143, -0.0595736030726696, -0.03938193331242472, 0.22928123384892315, -0.01252931980814923], [0.010151813772809807, -0.16410582632273368, 0.9709804564977186, -0.6748654995156808, 0.1083800684553369, 1.429463474388618, 0.032130389282652966, 0.06554023224702527, -0.1772453076914355, -0.040428263245693215], [-0.06780882990832374, 0.10726237440263484, -0.0057274396339183666, 0.07476411083873126, 0.04169762439219591, 0.5686784402263175, 0.2592944686673747, -0.21353306893338034, 0.07209223022228126, 0.0416604027954198], [-0.10760598752239044, 0.04133320431127174, -0.002610537195020675, 0.32253673989693893, -0.020214765232351068, 0.012303989803354889, -0.11461316198337056, 1.328659863866395, 0.7172186389420001, 0.09512883398406431], [-0.07366066784014444, 0.08129120725315987, 0.016624658458459635, -0.09975590952056827, -0.00919141781828528, 0.35369258793530967, 0.2517501929406634, 0.5357343991523651, -0.10278542794239212, 0.05338662084746071], [-0.04715187873356367, -0.23495594312332727, 0.15265325387491144, -0.0042292116876661056, -0.049075302301565975, -0.04086276416702834, 0.09564986429865449, 0.3176039911197739, 0.44696108312487925, 1.451956196234973]]),
     np.array([6.653383977293742, 3.5160521187647262, 2.332180697240969, 4.194789168806787, 5.982284974643973, 1.394555574937447, 2.7286965424130654, 3.5922497073035635, 1.8155800982268055, 3.679656306311448])),
    (np.array([0.9567253022911333, 1.096522089703618, 1.3266485806048234, 0.7948980309761436, 0.42974456132050626, 0.33879182348919445, 0.8981930203198687, 0.7377353253693244, 0.0848692400699188, 1.523934277589234]),
     np.array([[0.9118376630521946, 0.010115371873196003, 0.21474773079902265, -0.5278140180070615, 0.5170769070360591, 0.9133710321870852, 0.3742693096836457, 0.03277040277280121, -0.05540991201948531, 0.038716475022444026], [0.9088313353242247, -0.3175450638988887, -0.30401102572365, 0.010401957145019144, 0.10401138245064301, 0.046621618809640136, 0.2010245665120965, 0.15754589858988757, 0.20446138299315803, -0.006453157432551535], [0.1387069519085598, -0.9607226719438978, 1.305185176450365, -0.0182744680164982, -0.1774647548760363, 0.40429949014877037, -0.07891934591463565, -0.0076075030169206964, -0.2613639782306141, 0.04307004079984739], [-0.36416007386288624, -0.05538153237514693, 1.4290346998838104, -0.8468746473393288, 0.27095304937241244, 0.0885874197509586, -0.1041896820616912, -0.05078335736490577, 0.10404168953571752, -0.03206800086015488], [1.2004473119724421, 0.28204242604747765, 0.20640801391961458, -0.2694416809169215, 1.3180545924408387, -0.03258941043992299, 0.09995195605408205, 0.015562587511321606, -0.11818141079718004, 0.011314149490751962], [-0.018555789257318135, -0.055338120021185475, 1.049456740044042, -0.7773673998411043, 0.11641694478947559, 1.6959235580845486, -0.06783143360677536, -0.08360551764362484, 0.12721320969463157, -0.040605964867346446], [0.02561610492623844, 0.03564427442279485, -0.11237890557983016, 0.06761339571523119, -0.02525898822683303, 0.6447574391855364, 0.29649838751828084, -0.05761037980450732, -0.21293039540336864, 0.02682458393537086], [-0.023804397339259726, -0.007846134627017446, 0.05773676730075815, -0.11845733921036852, 0.05386190255194782, -0.015091402680776305, -0.05108233843505831, 1.4204419217063227, 0.2576759962346193, 0.09319012690753312], [0.07656288400373973, 0.17758694832583097, 0.020013749219990214, 0.03997306773888535, -0.027632450158320103, 0.30324894971562494, 0.2611617876210128, 0.4266347965692266, 0.15147544597830964, 0.02120898867589971], [-0.06288615600903039, 0.04876234126087654, 0.05926444718079973, -0.34755799866886417, 0.2666253566515411, -0.10986424294222136, -0.08359701863318063, 0.013053430007669101, 0.3699835919695262, 1.2251614976397647]]),
     np.array([8.66453636228098, 2.374404185960422, 2.5010931202662885, 4.2043928284412075, 6.102081666879073, 1.6766345828947644, 2.207915538685796, 1.2941362060509216, 1.5369792005900345, 1.9484055986409192])),
    (np.array([1.0479841371321794, 1.393930279170125, 1.0056926836443196, 0.7952436228957986, 0.3931434503225598, 0.1755699251349723, 0.986092402224261, 0.8438349299047527, 0.31929616920611364, 1.1835770465432636]),
     np.array([[0.41518637644396966, -0.25393573999643165, 0.24586042349460913, -0.5265438965632604, 0.3368357033241653, 0.06083127202424367, -0.11560404685556118, 0.04391536538429696, 0.031394304904486296, -0.012577387713063846], [1.3867454780901136, -0.8364909001501397, -0.4388493765974749, -0.07090717588099725, 0.0019885767400700757, 0.0862609744151024, -0.12303389537235243, -0.10789174193841175, 0.006703841746307927, 0.011151570145182015], [0.2049604838563871, -0.8954939632963428, 1.261049991394588, 0.10939285644750592, -0.0031136955523694875, 0.4344617570039327, 0.04199004344069391, 0.04504354450766694, 0.1380321516887521, -0.02474296761470608], [-0.3951361311527449, 0.007120300090964094, 1.2138106879287094, -0.7668145636743593, 0.24828535860252074, 0.08627827743485637, 0.03125073601767427, 0.02605863489741128, 0.05746743073330929, -0.03995032194004556], [1.2828285143722242, 0.29843651110752617, 0.09930642506413491, -0.21994494492162348, 1.5250841955793821, 0.335472951991256, -0.12090001657417589, 0.050120658296553204, 0.1622959760025966, -0.012961493727466114], [0.0458575552919108, -0.12068748204548801, 1.037497473870095, -0.7974297111842694, 0.15181328637292715, 1.6614994391094042, 0.0797174228319129, 0.05357559832565148, -0.11118356282445425, 0.0012595745743779149], [0.04765177490897275, 0.09358933403621028, 0.04224582708424879, -0.10658257092031463, 0.11334590722107195, 0.5710431447182206, 0.08022549696084671, -0.15738125433119746, -0.2040815143942036, 0.025056346664301413], [0.06552158143762915, -0.046331299975546976, 0.020063537038685027, 0.028867715260044856, -0.10002118500551553, -0.02916618946578508, 0.04360615677170551, 1.3087562326371076, 0.5365377792075302, -0.0065181390517245275], [-0.11401087996137307, -0.01794689117621719, -0.006806312691682428, -0.06006620570685307, 0.05251733342631827, 0.21225526074746595, 0.2631448436645444, 0.48568817301623196, -0.08141714944447907, 0.0005146214490368171], [0.0624909389006323, 0.10173224901085182, 0.06064239235023198, -0.06448064292428453, 0.03153067705491199, 0.12822046509342233, 0.15576452952837194, -0.06717622102533959, 0.3587258821791187, 1.5431208682451603]]),
     np.array([3.563777569316852, 5.21933448213981, 2.573533776861095, 3.576078795042811, 5.978514614162823, 1.6684056551052202, 2.6026616716350377, 1.5355027190670933, 1.1370391668378588, 2.0138645810158815])),
    (np.array([0.9070617688707714, 1.2805163108125235, 1.035907613511624, 0.9244434344646801, 0.393103784378429, 0.2766258201764322, 0.912118088366066, 1.0808686547367568, 0.28786226978125745, 1.7020673475538617]),
     np.array([[0.9403716023681825, 0.12514188564259246, 0.32119612254747487, -0.5690074477202632, 0.7538498741968557, 0.6318262492080285, -0.1081199740179224, -0.053992621846795125, -0.35783891055890743, 0.2134236198422724], [0.7201191177412458, -0.5214912660981397, -0.209745011612762, 0.09456978205206783, 0.2764187051297085, 0.1389648068314487, 0.08353213602997511, 0.033598853409657285, -0.1459830980874086, -0.029865541184281096], [0.28053532222290484, -0.9027503069272018, 1.8747138065885456, 0.1322949989885981, 0.03060427976059784, 0.5468620293454509, -0.022189276055014886, 0.004470262379066374, 0.0007944476870411855, -0.02968471705616986], [-0.43416167015012297, -0.0837791800828896, 1.3865449746195317, -1.0133658763436093, 0.13892674584400688, 0.11179034535458325, -0.02026608716236949, -0.07497575187465268, -0.04725464026332697, -0.09091092955938081], [1.210060810938761, 0.25070599048795134, 0.19402578833040038, -0.3020401060310898, 1.7569927252025883, -0.06460386815855106, 0.1364485498754008, 0.08200373065264131, 0.12546194541526845, 0.13423193162165148], [0.03627520558968339, -0.15573712891776825, 1.109783985386556, -0.6998251530826147, 0.10501551350875063, 1.875005729964192, -0.08507564077905629, 0.006423607191386305, 0.08684562463327558, -0.019223716223648234], [-0.022996912379982512, 0.20863371770266087, 0.1199466586936692, 0.2154557646751112, -0.16538016214317644, 0.5481731371685041, 0.12327375067772389, -0.22302632590991872, -0.01705216643543549, 0.028778029990670983], [-0.16811643803950718, 0.13406211741283097, 0.1546159434728363, -0.10877167138872931, -0.05100934455072965, -0.05799234091692243, 0.10520908610538925, 1.5098725819669734, 0.5794116502448206, 0.012916043853720041], [-0.1252578619261476, 0.06213136556247178, 0.020393073301040097, -0.08048692050748439, 0.05748306263693589, 0.328899931976545, 0.24149626082736683, 0.4452704932477707, -0.04438723355685445, 0.005480127987159332], [-0.003494083304338329, 0.07736366960601787, 0.033776183286844695, -0.28239244515973577, 0.0010842062499658417, 0.08929515223532042, -0.054339661889948584, 0.14673355867692986, 0.5294798858359787, 1.2344386160736405]]),
     np.array([5.220360933079808, 1.8820256832658542, 2.28255184061508, 3.9730699888771848, 7.483301702318149, 1.898242974208317, 2.5711285659553433, 3.1770928589567453, 1.165876453222965, 3.9768904717728004])),
    (np.array([1.0207520344136674, 1.2828122605266787, 1.1377181225056925, 0.7839441346508811, 0.42280541272820343, 0.18849286087112746, 1.0623126679867916, 0.9452763689577494, 0.34921589127264807, 1.5966669225263477]),
     np.array([[1.0189503761333925, -0.11992076093483077, 0.21821016019511072, -0.8544266240193014, 0.7951352935385355, 0.9385631579205942, 0.09150984167596914, 0.02222657528002203, 0.18708327098440267, -0.08706065939832133], [1.0346068271262574, -0.5837133115076366, -0.1783864169627768, 0.05421059029357888, 0.01936989416280194, -0.027201655074692074, 0.0717730754678818, -0.0731518191933467, 0.053889074491865634, -0.013246277142073819], [0.19512359201317261, -0.8623586069890277, 1.1175066677945908, -0.047273996897475246, -0.16357150963777753, 0.5567352659292677, 0.03187589599923062, -0.023232884553783886, 0.08923359239158399, 0.05135633432688979], [-0.4579674439199143, 0.07083683824378427, 1.2870619830340548, -0.8241812447733781, 0.11395848976362156, 0.315887389315165, -0.04594071608929677, 0.03614802811266498, 0.051797376895429834, 0.004489024133268357], [1.1596055089384072, 0.2100337394835318, 0.08810012242274122, -0.20374299615906435, 1.3056321349311553, 0.14188101962212335, -0.0345544384010261, -0.004030501609128904, 0.019827106266157846, 0.04231076200534068], [0.0496969092316845, -0.1673538948927079, 1.185922484085163, -0.8130549894075263, 0.11679856870922706, 1.8435265264951326, -0.01308083763644962, 0.03469036714129073, 0.01300926093455696, 0.0019626332584066065], [0.13926794489841135, -0.04289601438423485, -0.030543233819777457, 0.1045051528326313, -0.15321772438689638, 0.6041408593615508, -0.29873618691169146, -0.2599534042871911, -0.023835900289366854, 0.045053454278331136], [0.09933462126127342, 0.03696501214689337, 0.15551351506677266, 0.12128543105367441, -0.17541841166960367, 0.051021374547542214, -0.026232384868716943, 1.3797685890127278, 0.705871338672332, 0.032525055890291435], [-0.0006538162383760906, -0.06267968077611451, -0.06346552861451361, 0.10062762623912284, 0.01493838383965803, 0.44626198848985094, 0.26116383242288316, 0.6207674124261535, -0.12136043675688593, -0.01746321800925784], [-0.00546202938178579, 0.007639873045141085, -0.10514951191109478, 0.11080692825941803, 0.08800920026069085, 0.08893036035714026, -0.35524251414111974, -0.12483014129908931, 0.5658929804138082, 1.6658528648156912]]),
     np.array([6.232424742510989, 2.6706127806974926, 2.231659388676699, 4.091166834089507, 4.763959630634545, 1.613710060708938, 3.7350846294644, 2.9570808210893844, 2.197299240536073, 3.1949082419064414])),
    (np.array([0.8766048669571521, 1.2749733884303918, 1.041646330431859, 0.8245870115642557, 0.39084200066779806, 0.3666695704707124, 1.0511597585420456, 1.0436731665184273, 0.2608275849906272, 1.3601402946096839]),
     np.array([[1.3004536795900117, 0.09068302595591558, 0.36329507965054253, -0.9154749261422384, 0.5780147261988673, 0.5120045821717849, 0.16812186835418208, 0.1460020566651167, -0.28232088220905244, 0.08871354350271846], [0.9668882024208957, -0.4883888462917975, -0.11127100247827096, -0.02180610007531573, 0.19639693692957794, 0.1989249532055431, -0.042001601635994895, -0.05509201180870377, 0.1461786746823462, 0.03419436366653931], [0.18392893764540155, -0.8690128822375665, 1.372388828761771, 0.23560154262526742, -0.012037910409971974, 0.5025705921019507, 0.0011363126773906635, -0.004460903807126175, -0.012954710707101415, -0.03493354110617606], [-0.38547151133520113, -0.0025699386504816875, 1.1976502165226137, -0.8895669225746093, 0.29950428114957955, -0.008064048476756413, -0.03462319994610287, -0.039909471417224486, -0.05781377142723688, 0.03914590604011744], [1.2003744761801045, 0.22896952691762087, 0.07934304307541772, -0.24508292788077926, 1.413215186842285, 0.0361993898675102, 0.11557760165573684, -0.010605244370088104, 0.0016290896943033741, -0.011029979811106079], [-0.01729562397101075, -0.10573928139732743, 1.011776081148735, -0.6768015556714216, 0.05875139487106263, 1.4223582365281344, -0.01429948914479914, -0.028581298249061898, -0.01916321436216358, -0.010368437471494614], [-0.09229554290823241, -0.03137876035170512, -0.010211507910256552, -0.04358304243448243, 0.04085586639415255, 0.7515872711390681, -0.03487035054336282, -0.28016243982158845, -0.008858723781418498, 0.04252286342859404], [-0.17565037676953404, 0.11644148163978048, -0.15773516778989086, 0.21978282026158646, 0.031677520050006916, 0.043252121933711384, -0.0494556101345929, 1.09329162466963, 0.4535753339512048, 0.003567105847898251], [-0.020119860471255083, -0.01221700250370414, -0.058488176044673004, 0.03842189437224939, 0.11958974104832074, 0.25703225973239263, 0.3260075259808585, 0.4200271152234198, -0.07608542047505142, -0.029584748644720254], [0.23750312498192433, 0.2031542536950899, -0.12738875923518916, 0.14980011233783613, 0.11137174815122108, -0.01434203071486302, 0.20141908243050224, 0.026846540081762394, 0.5806332789795333, 1.81883100135808]]),
     np.array([5.732765069407068, 3.5626271233202003, 2.310403215918124, 3.267083985130256, 4.97238619601927, 1.489986441233879, 5.146590628863189, 2.5960129864884403, 1.3338797884463698, 4.030610935834908])),
    (np.array([0.9730348036240523, 1.0624276175712348, 1.0396397835820335, 0.7341089336621781, 0.4958824023416105, 0.0495151964263029, 1.1208332806701513, 1.1376346411208365, 0.3927981143532715, 1.4544578245164994]),
     np.array([[0.9963505595761288, -0.0804082887816306, 0.2902897768265834, -0.8072324242199217, 0.5638470625311935, 0.6860457005857886, 0.2863916892991547, -0.07923529260456719, 0.028693644795199886, -0.10911798750983351], [0.8316492152304258, -0.12277490373638282, -0.23142737596771407, 0.2212342249048488, 0.05924856748059651, 0.04427175676610814, 0.11048122584617896, -0.034428561186441116, 0.3411080338196197, 0.0032649833129416482], [0.25898197775248777, -0.9867706661668484, 1.3536653015441844, 0.2162841351516954, -0.10297965552038398, 0.5698159929344994, -0.030338544953768545, 0.11977495283102647, -0.09523481538093477, -0.013090919410032646], [-0.3186577939608358, 0.015211309015323629, 1.1463043784256461, -0.7379455893173372, 0.20737951353884254, 0.18470663142227492, -0.029052854848078343, 0.017193638049817574, 0.07872511001081726, 0.021258910878223052], [1.2257194812884515, 0.3098848112043537, -0.011220547149289209, -0.34887935357708594, 1.274581219765516, 0.14103770830396306, 0.11480425647741659, -0.06843369303345846, -0.03754333803531366, 0.026454016764317252], [-0.01685494614050099, 0.0022124381133163435, 0.9356164707697493, -0.7170890286160474, 0.15059258609985232, 1.8413690549011947, -0.009243308558745313, 0.02040937830427479, -0.025058033208280164, 0.0719081897103853], [-0.20481060183899572, 0.050285542673392275, 0.1597406402868152, -0.0682362059230658, 0.04360228798797301, 0.6888403261658854, -0.11297659729543356, -0.23910977891510868, -0.28234340205760616, -0.01293376395688051], [0.08009817983181194, -0.17666263347291308, -0.061501434667196354, -0.07012194608904165, 0.19787898956797886, 0.05146102006794433, -0.09710473277793467, 0.9321187492093519, 0.45302079097904363, -0.025302419332933864], [0.017266313793976397, -0.0590812191631676, 0.021052779582567512, -0.05028190375014676, -0.00660899979618881, 0.2331101695731347, 0.1865438280331597, 0.47600337386701197, -0.19243721134974376, -0.007980758505418076], [0.04738211254927135, 0.025441899306578822, 0.15807354995329312, -0.0958408548089404, 0.0723573002250362, -0.1159227060128655, 0.11237595235102686, -0.08730837473914417, 0.10887273612654115, 1.4547296070022429]]),
     np.array([6.350214939296815, 2.343804069021495, 2.573156215748902, 3.5889540323978064, 6.1920853009304, 1.5575252048716648, 2.583211859146497, 1.388957460905729, 1.421791734753008, 2.2340229078927085])),
    (np.array([0.9218949537420341, 1.0856810637906207, 1.2609356212955893, 0.7899202268249746, 0.42796967280955456, 0.22647982465012317, 0.908218720827813, 1.062744258327245, 0.26866011847091764, 1.6051476664389868]),
     np.array([[0.7491878566238005, 0.003183460050731557, 0.16231224715256692, -0.8579826495642013, 0.4930893628188649, 0.6368608074030282, 0.17656423218638095, 0.0018878581184246367, 0.0919662341426035, -0.0032256599242002078], [0.978999229505021, -0.2858033217139236, -0.29184959063104604, 0.0668976514280568, 0.23356995422209628, 0.12758908116194506, 0.11162188515334623, -0.006524823608144095, 0.2857520939703004, 0.08994331975228959], [0.193166224181973, -0.894395724283195, 1.1637678149693595, -0.053712552008431, -0.12369877569754383, 0.4072565827101169, 0.1684308477870742, -0.08741168438707007, -0.018431289556582228, -0.05460944658115073], [-0.3807282552686649, -0.009482930883088164, 1.1780015102016475, -0.7370842130439207, 0.15416021797664248, 0.11224056765526119, 0.06590742589321326, 0.07477325732097473, 0.02470074128550096, -0.010535777852259627], [0.9899835192655793, 0.30107320322576553, 0.15295144625388213, -0.16775838125027456, 1.2472630382514232, 0.18685943742671202, 0.15021111178352828, -0.07366736816411569, -0.1790453979905166, -0.06319523306532761], [0.016851724938110227, -0.11712111827622818, 1.0970786618728483, -0.7728425107525062, 0.06923407940565457, 1.7972224242841879, 0.052894296157142875, 0.014976389246383294, 0.045311123786194264, -0.019074374525912405], [0.007013585273807017, -0.04161924037861523, 0.10903508263930177, -0.021758509667739425, 0.08462143704695022, 0.5958441146469783, 0.29527901481857016, -0.13069319115254263, -0.1676849494331675, 0.0836036695924772], [-0.00608451233174882, -0.019020806962189295, 0.06551424064247656, 0.050087315424209765, -0.014090595575919743, 0.007412422390775683, -0.17063802456402696, 1.4081917630987333, 0.5990478876698626, 0.0017911691754757585], [-0.04604969916160003, -0.04264085046693941, -0.02581847959290525, 0.022042497594816177, -0.007960430926538364, 0.27074101727011357, 0.37045856542553174, 0.44239161351897477, -0.05311561199152306, 0.017887718060285832], [0.13111949499913478, 0.01155421932490965, -0.0005241002485728383, -0.2822082635692469, 0.03992335860232476, -0.1132043832191397, 0.050792484437845085, 0.03131777910562984, 0.11590997065103252, 1.2497700028525578]]),
     np.array([4.930392630100685, 3.016011830964433, 2.2442504237747896, 3.457192594617303, 4.819729893407338, 1.6350219791317047, 3.009941046528665, 2.99673752636185, 1.4300673622649114, 2.5765780733134434])),
    (np.array([1.0527688236618447, 1.2584471681172562, 1.1159627218163959, 0.8698606015885976, 0.39836304229694325, 0.2800538317660212, 1.1860723015104333, 0.918220490552315, 0.22400916061755863, 1.5285657230765597]),
     np.array([[0.9576029022522862, -0.12552599386393928, 0.38573634517022987, -0.9137859598311697, 0.4416416372247318, 0.6813365701818519, -0.030501934504850867, 0.10398094915807209, -0.10015117887083859, -0.07994405250156181], [0.9689961151319667, -0.34884645527747804, -0.11314606510029505, 0.15729225013874157, 0.390248319414059, -0.12413384981222189, 0.10190432754810003, -0.0388776907240321, -0.05202280606306165, -0.09778881853615151], [0.20946229396731722, -0.903384024757962, 1.430698761315795, 0.1461245247919229, -0.3147730313406793, 0.432176048760168, 0.015483142682595265, 0.015220038437387236, 0.1006720290048852, -0.009210191264207815], [-0.41265537603579117, -0.07681684283531455, 1.1212056648032904, -0.9162758860742491, 0.14489626304248357, 0.25590305116279577, -0.01752910084951643, 0.01356863426171176, 0.06431747856131585, -0.027126231106667665], [1.2422955491399723, 0.3163289053712641, 0.07005116661138494, -0.22173852139766423, 1.4816850139671, 0.39164110296574717, 0.10320499942940983, 0.01735416347903137, -0.11357685503143561, -0.014611556743972449], [-0.04366676653255449, -0.11923437779206342, 1.2875428753809353, -0.9085822946264887, 0.15616137108195435, 1.9729791125254252, 0.015136313929851502, -0.009965468275030765, 0.028003676095801407, -0.03298343579339748], [0.03172195281525703, 0.000675386666333687, -0.00910208863780349, -0.0754414097097034, 0.10472630065987373, 0.47313336640506964, -0.2389600966324446, -0.22968926946274096, -0.13682460928243162, -0.027098468944337057], [-0.0005084165004921829, -0.05890713414573167, 0.020020589266105566, 0.02234326552293408, 0.016609466878559652, 0.029643683617080176, 0.06852617194643139, 1.1994895687424998, 0.34864195104732376, -0.0362379473264048], [-0.02030661199041465, 0.006667605534704878, 0.02264777859931446, 0.04829838334657705, -0.04232840369654348, 0.2583060870047464, 0.3337854545210745, 0.5307621318827919, -0.054840104871802374, 0.008920705110152437], [-0.0656932060628028, -0.0716272196863878, -0.016548937572679383, -0.1790458623117876, -0.04690748666771523, -0.024917546965599835, 0.026138274967451358, 0.043018469108752476, 0.3873342785826679, 1.1134241488618692]]),
     np.array([4.394588992700974, 3.0253561697692217, 2.4519808864835078, 3.362408188156511, 6.359906685698583, 1.9559755527282356, 1.810121543935125, 1.507867436138697, 1.988915063489039, 1.425357378377273])),
    (np.array([0.952002119264637, 0.9747173230610223, 1.2019933119620707, 0.8331661076608271, 0.34729458738398933, 0.1310498788372029, 1.1656460978047116, 1.0441554564286697, 0.3609284107322757, 1.561367911708022]),
     np.array([[0.8421327878212013, 0.03217480389068303, 0.23187575157521942, -0.8680684636109757, 0.3810672411872173, 0.9384994061368486, 0.0793563089445945, -0.03624469534247592, -0.08289151794918488, 0.01993827003397333], [1.3537262001793307, -0.39258083243352676, -0.28937060420873606, 0.274543000422541, 0.4454143097630228, 0.4043702185226374, 0.06181775118121793, -0.02645406575533878, 0.11804291730834622, 0.0726714979603648], [0.18323489897759368, -0.9616247768232986, 1.255850658575358, -0.042638813350563395, -0.1380043010709313, 0.5705546430090713, 0.05711939461262637, -0.05690497373046166, 0.19538927786026422, -0.003432786913389993], [-0.37278930809428035, 0.0710457751677511, 0.9085165740201597, -0.8729396295416976, 0.2799959955030259, 0.1891091632538786, -0.10542054494718751, 0.026190951369103564, -0.12738380245182815, -0.04060283334451751], [1.0744677484831142, 0.240495139288442, -0.05212747791587216, 0.010706006338976134, 1.513236749339268, 0.1720764858961247, -0.06245443112246819, -0.05246390751743944, -0.04177016320198, 0.05572872891774063], [0.02062880508338218, -0.14672451297730993, 1.235774838736559, -0.7106819898404857, 0.10754103705638307, 1.9092675139972741, 0.040321077101922446, -0.06391882413472673, 0.22772756621614845, 0.01038450009506711], [-0.08065717912087167, -0.14489665438857877, 0.07349079052244058, -0.05360156649785413, 0.012106969912124309, 0.7182848038073895, -0.006831233725426405, -0.2756422580118645, -0.3182721214139164, 0.007616512133263365], [-0.005649007750835769, -0.06638828377305445, -0.1220722840707173, -0.05740457632400959, 0.03593849940081916, 0.11185729297999111, 0.10243374552159752, 1.2358562548171717, 0.6813134328685906, -0.03463676418376858], [-0.09946030380626718, 0.039873626542925755, 0.010028714387572597, -0.013170755157624508, 0.042119576118492076, 0.37894047312878365, 0.25076082602141914, 0.4329314859919311, -0.12179305783283752, -0.07410444015119799], [0.0403292293141675, -0.01837338394971728, 0.20339570986800606, -0.21864577299270857, 0.09416764586913011, -0.21178741633561554, -0.18945535690547927, -0.04333923363211017, 0.6429428551793109, 1.6901515891273227]]),
     np.array([5.96886293242762, 5.124086978756358, 2.3176780864860365, 3.1979782657481772, 4.356331063752337, 1.5724777063595068, 4.343689760686137, 2.3034647298672994, 1.2505762071353093, 3.023927644633621])),
    (np.array([0.9639226810906257, 1.214606847673145, 1.0118451637057837, 0.798012655383001, 0.35213295871969086, 0.20633035550810008, 1.0758745910145084, 0.615523351218327, 0.3628921639634749, 1.2419353345682074]),
     np.array([[1.4942844911294766, 0.1641064886007398, 0.3110085707718863, -1.051988675411436, 0.5445050246056918, 1.02098038000816, -0.13822845719127894, 0.0372444748408551, -0.09434764520528308, 0.14504480010256096], [1.0018406254701155, -0.6272427921547301, 0.0434381718328059, -0.11059288144309776, 0.5529685793184442, -0.2309618662077761, -0.08736639454136837, 0.12317275933833113, -0.12238815187482648, 0.06199199103779504], [0.23055675440432855, -0.8941668981269442, 1.3727006568501299, 0.08808519971105859, -0.008592094385079014, 0.45571171339580424, -0.05041153201421174, 0.06299813887717032, -0.015794884448119363, 0.007430553965432759], [-0.40123186262818683, -0.0895077204249071, 1.5222571110462408, -0.8535138474095848, 0.14565435944086627, 0.09317203343029426, -0.048880288154495924, -0.001722835644259491, -0.06545192074248085, 0.08817579769288796], [0.9986653610057169, 0.17712817072278567, 0.164047324384547, -0.2931816152533304, 1.3198166350940777, 0.04865303040769423, 0.04009955655483756, 0.04375492547849876, 0.18119055223487956, -0.05859432273037938], [0.053608195398224257, -0.11343488985119023, 1.0309464879358858, -0.8745524856149413, 0.16516993875794211, 1.7260670062018086, -0.006449226914638043, 0.010515001707406222, -0.0706664321593974, 0.05200525274204922], [-0.010745269469209319, 0.022758347053670504, 0.056501165438667636, -0.12839620862284332, 0.17548795012899468, 0.9459778435476011, -0.05054939642925534, -0.2852859701807291, -0.11425634746238919, -0.001570941697005411], [-0.054837628690490615, -0.016871075914937774, 0.035360342649159854, -0.11985217323392963, -0.04462882597817764, 0.192754533342549, 0.013676087009047365, 1.3774711749960313, 0.5445060849266193, 0.047866441792143735], [-0.08216417372956802, 0.0035538167653220935, -0.007267871514784199, 0.032374670998619286, 0.09727553203848066, 0.38080292925895304, 0.4037211301694776, 0.5067293414635592, -0.16039813507321507, 0.03135005179613009], [-0.16570645881544602, -0.03722698042821331, 0.13200444482634258, -0.14795140973854062, 0.0878720135996031, 0.03953826690945959, -0.005983836976671511, 0.03818107197430685, 0.4148347837645542, 1.681091716680567]]),
     np.array([8.052765200134047, 3.6915457673690826, 2.211596707058294, 4.28780889429258, 4.468477238150661, 1.540188892764487, 7.832725669316774, 0.9938537933187763, 2.3329466697571353, 1.5811251121880299])),
    (np.array([0.8071044184013662, 1.1043151916179952, 1.180844210015056, 0.8278267619992583, 0.4454387313424026, 0.242727355809802, 1.0817992342009863, 0.8430807534205823, 0.2853853976190583, 1.5679035656873783]),
     np.array([[1.1542616979050482, 0.05628407992339971, 0.2835186817663412, -0.8322704928825561, 0.4694723921736738, 0.38060308612455757, 0.29102247746996307, -0.058981727964167854, 0.06307126712086464, 0.16418386182129008], [0.9021191917377136, -0.38830042382516455, -0.10071092626518198, -0.056878753967610406, 0.3381147284686497, 0.05206662446774478, -0.053040868449413095, 0.05200606293315561, 0.20125080004527232, 0.07685343799571552], [0.2197430517748065, -0.8715519082042495, 1.1928982377401098, 0.0918735165975873, -0.10968362606459069, 0.4335589827981982, 0.003666723720791136, -0.036367864194548696, -0.16494849917812068, 0.032166842986367294], [-0.3797384389491303, 0.03767526848869359, 1.303274593123339, -0.8346192267444893, 0.09287831691206831, -0.0035179118395438024, -0.06445186253441167, -0.022115115399468015, 0.07605645115215105, 0.01862457649161785], [1.3753753906761157, 0.24531102284905773, 0.021254896542137133, -0.32383714565520283, 1.32252986636443, 0.13925597127240055, 0.09250989423364492, 0.016604735413703556, 0.02020505361993808, -0.0012378342085544185], [0.01893496755247621, -0.06302611534966227, 1.0626698025331833, -0.6318046344202837, 0.0931526277502855, 1.511437026249351, -0.003467382756517635, -0.03288154335543243, -0.057512508204640614, 0.021223499030678383], [0.050118159849942764, -0.0037455207032153393, 0.006653120028570821, 0.1136600163554534, 0.012861210225465661, 0.43854104485502565, -0.08096802523619683, -0.2588429400734702, 0.014409321268831711, -0.06943323031708633], [0.03403104934396575, 0.2405942220553311, -0.002520545708805664, -0.04063979479205294, 0.13559526629034896, 0.01538315024561739, 0.2066324099811886, 1.7802227632406464, 0.6854674196909774, 0.11171361222998416], [0.03346728018306232, 0.10167744244613117, 0.013349800804802183, 0.0025902774999740476, 0.09409740216912425, 0.2594678902964517, 0.3849769753098329, 0.5568078707229911, -0.1357605209200653, -0.03698150446460162], [0.12140436509072315, 0.03154724536224855, -0.044558124055872686, 0.03510473136971721, -0.1726230196492769, 0.012809334640897951, 0.04287805481354051, -0.0749279377647419, 0.22255912924600044, 0.9303692106398125]]),
     np.array([4.116592996184871, 1.9787922492004697, 2.469011841084709, 3.257580950606565, 7.404395860847027, 1.7152433557761007, 2.2924171340747805, 3.189080902749479, 1.8581726911165006, 1.645640179453863])),
    (np.array([1.0401569966723896, 1.4825227180123248, 1.3500697542326434, 0.8783381820260889, 0.4385723970880333, 0.14342330017349783, 1.0460245565984985, 1.2351059743448907, 0.16452845271532937, 1.4277907399386285]),
     np.array([[0.6236317105868598, 0.21945300331744955, 0.27739215239615406, -1.001876383285123, 0.6943307581723938, 0.9612603768209674, -0.07135189796394156, -0.048298028261114706, -0.04120012586940848, 0.005168052015379612], [1.1974517297977274, -0.7984247227497945, -0.16633922205461982, -0.07291223829585562, -0.03347129448368235, -0.03948096885393592, -0.12467731739556326, -0.036740631527087134, 0.0916364349697436, -0.050533673411076965], [0.2204111670991566, -0.9766428133540368, 1.1266978637446305, -0.03396874440330177, -0.24967013682571537, 0.37798951472823705, 0.09117789120857622, -0.053035614136407304, 0.01351081388459642, 0.006688171065704264], [-0.3919885138750316, 0.031017261032693248, 1.1641122861417397, -0.7619124570568934, 0.1812698127346691, 0.04937738013997614, -0.07823055344037064, -0.0116873282937812, -0.2947450244224132, 0.07154310175295692], [1.4044970102586702, 0.2899753391000423, -0.18204820176068195, -0.20676037148275933, 1.661496698423675, 0.10046672666201104, 0.14754129358748477, -0.03270510081452496, -0.023912870291833397, 0.07361598860707226], [0.02241980217263072, -0.14908080114605587, 1.0767066179274452, -0.7437403643102765, 0.12639976051163812, 1.9489969407911762, 0.07012330798351987, 0.061597700598722833, -0.10990188183199816, 0.0259954193089906], [0.037572844007897246, -0.07401684883125259, -0.0046958650031128065, 0.1248906050329006, -0.04651532186605072, 0.6171959863720998, 0.14246972688689896, -0.3141520365335135, -0.1912883706636137, -0.04065220511490176], [-0.10700014564447802, -0.038991779395899685, 0.14811007958846664, -0.2571196796890804, 0.03734959574600891, -0.18614095535846578, 0.12643482370458767, 0.8949252774818129, 0.6366865319082009, -0.07409788716264455], [-0.03969722102798577, 0.06722894394523096, -0.010248716753546447, 0.023476854491620104, 0.05867172105402603, 0.34398067740509397, 0.3197808787426566, 0.5898599091921618, 0.0033085124949439747, 0.05478176183656027], [0.10444789028161336, 0.027865323126229136, 0.04119399209714623, -0.09039164277746567, -0.059969372113527, 0.1938523515066487, -0.06498456637579349, 0.08949560621707726, 0.34653851296214483, 1.242313885513827]]),
     np.array([8.527252269569093, 2.905027590678749, 1.9169333935047186, 3.003822565384163, 5.5746017659104075, 1.6025523035290625, 4.788604772895132, 2.0421338608274615, 1.5727243051916575, 2.1116005087797625])),
    (np.array([0.9518358110554523, 1.45458675915069, 1.1531297942791217, 0.7917893138553528, 0.4208531816268519, 0.2939997387316006, 1.0583503491400037, 0.9697009124133714, 0.3183472480497096, 1.5714818350490944]),
     np.array([[1.3034620781809605, -0.10293361061202416, 0.19929893075347738, -0.8102308933816431, 0.6167234693589989, 1.1585016059083595, 0.12148517526799416, 0.07744803537258611, 0.053734820365663474, 0.021355913757779232], [0.7557987798305437, -0.6947251035067519, -0.25829584628270713, 0.010033872405140013, 0.3036018701302873, 0.08287055020527964, -0.09858325610055972, -0.06763972189016529, 0.20882629990385884, 0.01928064473382672], [0.11198957331872375, -0.9771094460205066, 1.1446241500690604, 0.15857629440695603, -0.0416254828764094, 0.30194185086215414, -0.0007797410971611585, 0.016475136439911033, 0.035420437457785024, 0.025035481520515383], [-0.5479615145045039, -0.04019802983241863, 1.211581083994033, -0.891247620717374, 0.25767466208332795, 0.3271590200727903, 0.11037184370332086, 0.02344230557414013, 0.02040083476808028, 0.04040250823921303], [0.944790345198895, 0.258018378709378, 0.060352257299914114, -0.20850563926909213, 1.2562837850754927, 0.25843378907306075, -0.0633244843175656, -0.0350035521215907, -0.0439451176781165, 0.0017201819968299045], [0.0584272290939774, -0.1016295304303127, 1.108771346742854, -0.8227880687886192, 0.0472711772704838, 1.3801054450242127, 0.053751180784717655, -0.014917516219825476, 0.02933541279372984, -0.010337664149651477], [0.12041631140783052, 0.03263621809339479, 0.0008747453618874751, 0.0748803412936848, -0.05195873940642087, 0.3963910360498762, 0.13433188726493092, -0.21633201970454402, 0.05397501320443503, -0.06598092191918935], [-0.11179653990438873, 0.09160314624408729, 0.03235743012421391, 0.16838435114914652, -0.1223147129728483, -0.12761621535147263, -0.022723415475779305, 1.2354521616163538, 0.6677353526426341, -0.0036799328411370263], [-0.025063914134670528, 0.07488850708204886, 0.018392898048892818, -0.007906670975201794, -0.04294111775039464, 0.3822034110753429, 0.3276391239029514, 0.5920543437788931, -0.15021224729724172, -0.024480757445276564], [-0.04139676280695399, -0.03200041633101, -0.03688388715199355, 0.08327457002717545, 0.04696609905071632, -0.24375051229568015, 0.05741829070311675, -0.09257302597803892, 0.13556350223041674, 1.1950526909354624]]),
     np.array([9.1822381738067, 2.270661653972862, 2.4481760393069094, 3.8032210084675255, 4.718702143229635, 1.4306036427956488, 2.422159367664072, 2.116542445838803, 2.1692263905174025, 1.608787333843964])),
    (np.array([0.969661368603554, 1.4856242463998905, 1.1192992248710885, 0.8127136175401559, 0.36235002502423, 0.23171738258954383, 1.0241433816178431, 0.7528021000139331, 0.19140913812990337, 1.2789853929252195]),
     np.array([[1.009022805498538, -0.059518784202037, 0.12364706321879122, -0.8271374569048792, 0.4519967469984911, 1.1099502406599555, 0.20452991335699924, 0.13855066881527398, -0.11754871366493373, -0.11635479976424529], [0.9377028384857341, -0.7271948141082374, -0.1342728755094639, 0.015741887213108763, 0.16266895209812338, -0.06531455472983827, -0.07057130201311698, 0.001676190899945632, -0.0801703060871719, -0.07476677466290449], [0.1973428669312881, -0.90490743187406, 1.3084925535952505, 0.1564614766448347, -0.08550707773247451, 0.6445576540956487, 0.053405583157896404, -0.008190487089340637, -0.07175973356416443, -0.02275575145212953], [-0.40866586752519557, -0.023057245523935135, 0.9974714991639886, -0.8562363740424449, 0.26057798255983855, 0.3029274095158552, 0.00020445038904969292, -0.022112993194171846, 0.16450468105191102, 0.02687282787474318], [1.1384431746850814, 0.1980498411399167, 0.2434250327171738, -0.27812683763423046, 1.7490152645237196, 0.08490066710560795, 0.17706976111407527, 0.013582517935925482, 0.03992097571329552, 0.10188975339159996], [-0.021609182121071952, -0.016477469399965743, 1.1989278186887544, -0.7049834087305086, 0.057072632561568123, 1.6890947206150222, 0.0003829349554630345, -0.036809631306185024, -0.008236079142651814, -0.03527226038370442], [-0.11515646206332157, -0.047580357502615855, 0.005510140498681165, 0.01878974736816172, 0.06639964488655233, 0.9354770581048706, 0.10773164880007663, -0.3504880912339775, -0.3423279119821827, 0.28605087508895705], [0.05816090905993853, 0.0366961205738119, -0.03193145600285063, 0.03384468260960837, -0.08141800797822629, 0.19301170768391285, -0.025495319900137484, 1.0169805228060915, 0.24010572430706284, 0.055924683195999296], [-0.027034613791941026, -0.06859530755126526, 0.014049003971957281, 0.03815399594380026, 0.10953433481195543, 0.19064829341539324, 0.3200124922912172, 0.49826585517734173, 0.006784763279153579, 0.020731202157527523], [0.004503968055464419, -0.026621911493911406, 0.012751827489442131, 0.22848028461457934, -0.03776849642157768, -0.04056730224175072, 0.16254078472516598, 0.16613123674648494, 0.17232761744887043, 1.3423727280315172]]),
     np.array([8.127873883816498, 2.3751002211070706, 2.4636622932271863, 3.1933472996910504, 6.158859658558259, 1.8018635930561853, 5.072840333803629, 1.0650460383740112, 1.3238805832155192, 2.218895512357998])),
    (np.array([0.9031599952445353, 1.3833048716839154, 1.2705907942079406, 0.710077755584473, 0.45051083672649217, 0.1311676326401881, 1.038468819940719, 1.103189860497534, 0.2950654653649139, 1.3377835578696307]),
     np.array([[1.0067360139628416, 0.01135397204496807, 0.23710108176131525, -0.6568449218890609, 0.4486020916314372, 0.8530717045268007, 0.042837672638974075, -0.021008910218293427, -0.027778496721089903, 0.046441564392150324], [1.4810469710091547, -0.578276625043138, -0.2485799684084558, -0.15210695306164157, 0.22720145094915858, -0.06504223627120691, -0.15881116981019364, -0.10222753689296993, -0.1254710327185139, 0.022572489894002686], [0.20904777648838097, -0.9779749526085724, 0.9688708468996253, 0.17160424359525786, -0.12327809431016125, 0.4458516201421596, 0.0017650143234120333, -0.11035144689893123, -0.026103805387256016, 0.042035716469140054], [-0.3772190707856891, -0.025691856732961756, 1.3154663718915842, -0.7248966141730933, 0.15841150212758606, 0.23492376504518692, 0.023167037464690374, 0.03401695078063094, -0.09290742356707755, 0.02008373409646036], [1.204691651094417, 0.4570146574196161, 0.09621687640711539, -0.3662127061948192, 1.7351529714619482, 0.12528485587610527, 0.0883617790095668, -0.12452446883875333, -0.04410984523280725, 0.010106959525340367], [-0.0025090036096012823, -0.1177590612687381, 0.9637148607124054, -0.6189781104110084, 0.15358669948817702, 1.693785052545565, 0.043269423709271365, 0.013917048189817281, 0.011989269926432533, 0.04289040205612694], [-0.019329152888018154, 0.1084249299981135, 0.2134706781992345, -0.14849969045745004, 0.01940214111178026, 0.46594588718594937, 0.07640408625746734, -0.19426805797815677, -0.2074361383452882, 0.020229934465045257], [-0.12642440672415767, -0.1040389811604812, 0.10078922769413282, -0.20481142561925936, 0.04711465142930446, -0.003151653039430789, 0.009056047436580813, 1.2354451404297055, 0.6196597446828237, 0.06734115138311207], [-0.013236908335063404, -0.024503135008339866, 0.045271255061701585, 0.07271965844797608, -0.04327571405964965, 0.3817116325013338, 0.2449396705130122, 0.6377897828411553, -0.14805258354753684, 0.02676634791901492], [0.002402709563223722, 0.1319245516714892, -0.07540205271908554, 0.010568261911362089, -0.06787539461417548, -0.15156135921882322, 0.01758707000421346, 0.08112870319055283, 0.3728295281046381, 1.409330107607353]]),
     np.array([5.829977700884994, 4.014626453152619, 2.251026619327831, 3.7532624674787702, 6.596603959034447, 1.5818418006121648, 2.9367800349290283, 2.236467835378796, 2.194958106319195, 1.9868582697470043])),
    (np.array([1.1019037142028925, 1.2332264072470154, 1.1061298241235162, 0.7080659867555472, 0.39731184579121054, 0.10798171127305604, 0.9677887952689983, 1.2009726614475287, 0.2879542339719228, 1.520944534107043]),
     np.array([[0.44130475120968055, -0.04973647166446165, 0.05632142254173159, -0.923996960511982, 0.5158355006573121, 0.8396301803181045, -0.2185541127132307, 0.07738143477056841, 0.1990507204996949, 0.07936477344974001], [1.1548341882739932, -0.49517475773912223, -0.3570381471106009, 0.23857252319771202, 0.28615937225050375, 0.18215524125783697, 0.13506828236568444, 0.009260005909791298, 0.20997367842187742, -0.0074521686222157905], [0.09773284897165407, -0.9938052657996741, 1.5569869303878408, 0.20903709348481758, -0.004095686696150121, 0.8688495635970306, -0.01959727517469409, -0.06546807954842589, 0.08371035808192703, -0.07786090553633113], [-0.4182211512652729, -0.09495454063368469, 1.318856419387729, -0.7311759407534877, 0.2812823670146573, 0.3133485431955229, 0.04969446339422124, 0.0856071717070009, -0.14594433092038192, 0.04639174243225793], [1.2878934756949834, 0.14628124080367816, 0.15718796104609367, -0.2593535360955068, 1.7060231492969793, 0.1937118617288925, -0.055734112929776224, 0.13350395929597028, -0.2015441483861667, 0.12068978943682579], [0.0424776292151021, -0.0677763942855859, 1.104479775002994, -0.9172951857097771, 0.1542028981313322, 2.0424267631614916, -0.029563952803930153, 0.002690489894007771, -0.036649849581361596, 0.06584239878373926], [-0.07121438257456486, 0.17492503369403323, 0.0406374271129663, 0.2583778040476419, 0.03272575069677086, 0.3969175191525801, -0.004977929269139096, -0.2564013992694333, -0.18449005175438674, 0.030055130908204], [-0.028038579600973893, -0.06808715451637606, -0.192991582330796, 0.0424543209995015, -0.15557732596617233, 0.1164772893981982, -0.012401435410760065, 1.1421281730480484, 0.4576988105373137, -0.003199476815069715], [-0.012462567902077996, -0.022484738361594044, -0.005922780383656394, -0.0681296423300179, 0.034793192058232905, 0.21168178386157654, 0.3370736072235528, 0.4145669871639058, 0.009956775070197979, 0.031148196424995004], [-0.07552814102462466, 0.07568787107150118, 0.10170760482102859, -0.17880497372426757, 0.0877821216878545, 0.006347587886059618, -0.07792591946936987, -0.10143286922000369, 0.34255416438110997, 1.4241523184037683]]),
     np.array([5.8454163679332, 4.183757686252352, 2.8178052009473897, 4.1052113901759, 6.213075242319778, 1.7536828145465835, 2.133705697871539, 2.177743350507065, 1.2279562812838587, 1.8447141682669668])),
    (np.array([1.0898630802182796, 1.1801607880907483, 1.1495254735422662, 0.9068262752579772, 0.33503285697872487, 0.34096044529150504, 1.1278274212181025, 1.1119309136004139, 0.25957326330831265, 1.4142724887630336]),
     np.array([[0.31704257558077736, -0.04856064702508875, 0.18812413246857473, -0.8993833051624367, 0.3857957983743548, 0.6472801676866258, -0.1010615021890582, -0.036939680943711986, 0.10395321009550726, 0.02481757900719276], [1.1376887155014175, -0.2822134324652757, -0.09131602178109335, -0.036514357730556904, 0.21659117065927233, 0.011797704687135105, 0.08088893144125563, -0.10345604230370758, 0.022734949349209315, 0.03917457873361567], [0.17152480238791323, -0.8710435738933618, 1.3556794180364147, -0.016145440361263117, -0.20351967754672629, 0.5625062733868599, -0.11275758293789132, 0.04273209751256574, 0.016843182241300374, -0.015001917348880477], [-0.5153411132532211, 0.12528122047580167, 1.1096846133008462, -0.9021005267569696, 0.2844356397437108, 0.48065692883393, -0.004472698001878353, -0.029956072457204927, -0.25050946750209635, -0.043984521118732314], [1.1653214851422482, 0.13619572809597796, 0.1945818616011247, -0.22308028634017116, 1.5818987584927113, -0.029603510692523826, 0.05981319414961868, -0.0850318672308787, 0.11756684491888618, 0.04879928360016232], [0.060863404229228805, -0.1374977646717185, 1.2407549919926082, -0.8530114492971015, 0.06291148054737207, 1.7796767692416944, 0.01521910329016286, -0.013601933413233147, -0.10871678045481341, -0.03952549298817709], [0.06559912902659357, -0.11108157155684553, -0.027941110577816553, -0.007444878885609816, -0.09464826745500798, 0.5290233707723065, -0.023371397717598046, -0.1381920702579333, -0.09774193756389889, -0.09383043631838435], [0.12338562266169223, -0.12722521215314248, 0.04455755170498952, -0.07073471248504734, -0.04930211065076044, -0.0838727958883132, -0.14683849465671242, 0.8260365614836117, 0.534998860782463, 0.041368331763317535], [-0.003556850973121832, 0.05041645072894688, 0.0029052166011778137, 0.0014212257116606496, -0.02726575402117059, 0.3142358257140238, 0.3560017117080302, 0.5111109848072725, -0.048819349016005285, -0.0062352932429827965], [-0.002463160610137178, -0.04433444159689223, 0.059757421160896385, -0.04525093632536826, -0.1397907234735102, 0.036400194172114195, 0.1964848544963954, 0.0386728262946081, 0.10843999615803497, 1.355722373874895]]),
     np.array([4.619207119361121, 2.6878620416950745, 2.3116364997670713, 3.3537055198853425, 5.146301853069826, 1.6487085109636468, 2.292344172671135, 1.9264767878610765, 1.6708894040870694, 1.7442384733649394])),
    (np.array([1.103263577658887, 1.3776570765743719, 1.0630023126514863, 0.7220181002574231, 0.3964322532508549, 0.26135516259333097, 1.1171916372500013, 1.3683467582774123, 0.3718478975252213, 1.654623071184028]),
     np.array([[1.1628265506500255, -0.08848553323184062, 0.2645233927688772, -0.666888219593534, 0.6074400290221278, 0.8718756204431811, -0.11686290681187987, -0.12464448895348815, -0.11775143851689736, -0.062179356501817565], [1.0192025745036069, -0.5260335825170659, -0.3623012602277113, 0.0030931595602215122, 0.14360023362632726, -0.024574058317573054, 0.08386157297991637, -0.02559134271848114, 0.0950723759554807, 0.043910677349557795], [0.20267338609153132, -0.8520904414108074, 0.9517763343083412, 0.1562131263433408, -0.005920451985363496, 0.4363054659651959, 0.014922827092831539, 0.014125209296882794, -0.026410114655801523, -0.029030561148101448], [-0.26207997238232167, 0.06737224281832832, 1.4112700046823534, -0.7877012715965553, 0.10517494961966412, 0.20118380915132453, 0.009300652942150017, -0.02493190171014214, -0.06856267184777051, 0.041075135080361314], [1.074034008251435, 0.2897065185867998, 0.2564749181629712, -0.4167352336422001, 1.5273526128816362, 0.38734769941847724, 0.08700470015950343, -0.047543354003508204, 0.02923291056649284, -0.0764102353473295], [0.0024674191128390126, -0.09487059409138505, 1.2632129195440855, -0.8494056107219873, 0.1190645801799562, 1.6576587796732654, -0.13056536893030768, -0.004457515365438699, 0.06349332868209165, -0.005754952554787148], [-0.06208632607139067, 0.16515295651596387, -0.10028026103410653, 0.31045052601834233, 0.0815829372011131, 0.6224896454336117, -0.02968341398210244, -0.2991114017239392, -0.1084214873228673, -0.07473338264559799], [-0.021285726944773275, -0.051783071736546116, -0.05280895765562686, -0.08209598953745503, 0.0037558631546360734, 0.02641190998502383, -0.10723665408207347, 0.5566423646759151, 0.5444317705843796, -0.10194463743278188], [-0.07994821752758088, -0.07688631978195425, 0.08303932292317506, -0.10901338648073151, 0.014662920971142695, 0.2379622140657249, 0.3887656289645177, 0.5589160617506761, -0.23509556040928686, 0.040266079504245184], [0.11717301256214234, -0.2207727511245794, -0.2518567362032462, -0.01771454060798287, 0.049005595023103005, -0.07646373179374803, 0.07188102093170032, -0.12684200377822086, 0.36193142530271777, 1.4769802035470363]]),
     np.array([8.026125115769009, 2.829541167941476, 2.252154763666463, 3.295076242178972, 5.243560955523509, 1.9521941349221223, 2.506084172529252, 1.5924759376595243, 1.9598635035613101, 2.353407865208473])),
    (np.array([1.0102026928210777, 1.4399254133694672, 1.1786376344994236, 0.7749179397983297, 0.479478597755373, 0.21042468678477455, 1.1252919380922646, 1.0579978548821782, 0.434610333455407, 1.1698585719494694]),
     np.array([[0.7979179552388956, 0.0034292053674707386, 0.26616161915885556, -0.8373537504248346, 0.7036949965579504, 0.6685411514107742, -0.06472607987580438, 0.05129082977491226, -0.15263755079265584, -0.08776372510522275], [0.8640029237445789, -0.6706915889540395, -0.26538426817778804, 0.05034111414285622, 0.13236280581667248, -0.07863089280960793, 0.20055927887089187, -0.015303900521364324, -0.059705325330787005, 0.009201287172857368], [0.217668267262696, -0.9904512247322994, 1.2012542980946832, 0.03103905505040441, -0.06057400907355839, 0.4426957653307285, -0.03058818865174102, 0.09153492850937342, -0.05179087011762562, -0.03088211192536297], [-0.41285277757864713, -0.030266376406869158, 1.3854600966726134, -0.8098981683998938, 0.16799434381478148, 0.18035254076058393, -0.020686518576161553, 0.0033743718707161603, 0.047778759218941064, 0.025098989616245418], [1.2479331632256403, 0.2736185409721693, 0.07634687861069335, -0.005500985744261344, 1.4738565894842484, -0.017028817052905362, -0.10055312455957235, -0.03242093601557164, -0.04392989684328389, -0.012773396646912596], [0.027473587299811184, -0.15310776726647332, 1.1156282541498863, -0.7882284030035974, 0.16218152818656834, 1.7209655288814718, 0.10757086983547451, -0.0014652796201155584, 0.08161737106670862, -0.023806848573198727], [-0.08349849930961926, 0.0670746672355648, 0.030073746386890896, 0.011752434378817473, 0.08257203703554253, 0.35518404354775673, -0.14798904741873853, -0.18128565587806827, -0.16474885037405085, -0.010432600575231406], [-0.07377738102866299, -0.01049405759375329, -0.008406629449316706, 0.14455041858061635, -0.051668499296854846, 0.029242557181262667, 0.04948868534940465, 1.1600172071200787, 0.7918508582141995, 0.12857806746531994], [-0.01803498406182873, 0.027596934835235964, 0.051934990339108124, -0.043564618063300725, 0.008410467765337862, 0.26301531877023115, 0.22982242793508528, 0.5501146651596805, -0.24777730151811436, -0.06586676309914538], [-0.01767344168746139, -0.039722245671721584, 0.10271232346777444, 0.1837907402666798, 0.10263436151089461, -0.08431242770312122, 0.12359331660167863, 0.015492228638912146, 0.08916659216635243, 1.2987696340197488]]),
     np.array([6.362337571454321, 2.4277656180490346, 2.2984441137453615, 3.834915184000634, 6.372012990074111, 1.736930174453499, 1.762758857951904, 3.4865372807671107, 1.7102434922870544, 1.2334038681491701])),
    (np.array([1.02074456643469, 1.3296352156166797, 0.9893402251096158, 0.8877886117823391, 0.5888155768456422, 0.08984101844178241, 1.0956447983121298, 1.1783636456212851, 0.1354371634784079, 1.1343910641152788]),
     np.array([[0.9030933860207747, -0.07757980369143215, -0.044786004571044, -0.6609290330234993, 0.6223630301558458, 0.9674192869481706, 0.2169140729797404, -0.13740032190422338, -0.17015660000915128, 0.12829832828800555], [0.8370371033550029, -0.5210203479195397, -0.23463412273245446, 0.2149873347689483, 0.23161206021727385, 0.13702192850318998, -0.0661280827985788, -0.050579620860372286, 0.0012233166459702516, -0.014424579895191478], [0.22483921856057487, -0.9519831058496482, 1.4462529347667823, 0.07768374891756345, -0.14973040040284472, 0.8129386175605744, 0.0766228213293842, -0.046519869373972796, 0.1487874038452739, 0.002936447064661705], [-0.44779590548247805, 0.05173241345442734, 0.8876592091325501, -0.9127822408670845, 0.14979717146086508, 0.23559945012766614, -0.0055663480008344346, -0.04665883794625642, 0.12091094723170319, -0.058194566083994835], [0.6723894263789542, 0.13509770662811837, 0.04225641067839684, -0.4209970791506367, 0.9102147182862371, -0.003208298821603949, 0.035203890975506844, -0.11260924010149632, -0.06931153391310216, -0.06986096188271133], [0.08755742775708493, -0.11969477588234921, 1.1241179649120419, -0.7676525541800275, 0.11321408254789148, 1.8211725933833915, 0.003382609796302688, 0.03051688607125506, -0.019101296230476107, 0.009126232153571409], [0.2420702443918978, 0.08021912058329937, -0.05725444783192182, -0.1872069849152923, -0.03736104819457133, 0.8339222779873324, -0.1301625918943228, -0.3850553145139566, 0.04470617446853408, -0.040302551117999116], [0.14020595134536065, 0.01327792547739699, -0.14778962016700165, 0.1283375794166523, 0.07716703777199851, 0.10617952986689558, -0.18448194110797447, 1.258332467800547, 0.3702971304271433, -0.06446683528818804], [0.01268532938215541, 0.0342245816977406, -0.011304664894271909, 0.050454402437953495, -0.0500579597259082, 0.34625959505031795, 0.30211653927799753, 0.5570459708640059, 0.15816879916005203, -0.03231384193943689], [-0.12152355530837837, 0.02182759931542803, 0.26096396490915325, -0.23925500956484505, -0.10929023405475165, -0.11933715136250513, 0.1425629020064109, 0.13914409980701506, 0.5822955940632378, 1.819252438921443]]),
     np.array([5.925358222061892, 2.3438957556773357, 2.7281867441678247, 3.869790072439605, 3.2053906222783124, 1.5194329242346052, 5.406586715396357, 2.621894823413044, 1.2636827620426805, 1.724758221509208])),
]

gvm_vm_final_estimation = (
    np.array([0.9960073195673657, 1.3136295200976162, 1.087820027302499, 0.7988378129721576, 0.4320169470430537, 0.22027294725247024, 1.066479964306666, 1.0040411101221045, 0.2897805698436597, 1.4691112917708473]),
    np.array([[0.891130153111912, 0.0, 0.22253546827763057, -0.7962384153599942, 0.5298229925157443, 0.7448739130872135, 0.0, 0.0, 0.0, 0.0], [1.0336188417347598, -0.5516185417474243, -0.21247816427590063, 0.0, 0.2030725653243528, 0.0, 0.0, 0.0, 0.0, 0.0], [0.1730637441377147, -0.8343254711700308, 1.363140329843706, 0.08790384750841763, -0.09729597707995827, 0.46371300317924874, 0.0, 0.0, 0.0, 0.0], [-0.3894097168534123, 0.0, 1.1931376142264256, -0.8093800533800799, 0.19951159638011878, 0.1867235581747255, 0.0, 0.0, 0.0, 0.0], [1.1812652266488064, 0.2696959037993751, 0.10254019908164685, -0.24502485868439036, 1.4317078724858254, 0.12305522628244861, 0.0, 0.0, 0.0, 0.0], [0.009681565086886708, -0.08767776389107519, 1.0417809112202066, -0.6795875312304698, 0.09793444307629941, 1.7527464163651485, 0.0, 0.0, 0.0, 0.0], [0.0, 0.0, 0.0, 0.0, 0.0, 0.5642387465443364, 0.0, -0.21398588735852583, -0.10014178718267204, 0.0], [0.0, 0.0, 0.0, 0.0, 0.0, 0.0, 0.0, 1.1942732514533108, 0.560776836329448, 0.0], [0.0, 0.0, 0.0, 0.0, 0.0, 0.29722864998881987, 0.30800399688913577, 0.5121603321975778, -0.08525717207672093, 0.0], [0.0, 0.0, 0.0, 0.0, 0.0, 0.0, 0.0, 0.0, 0.3507358520076015, 1.3962776345014873]]),
    np.array([6.084572646152777, 3.0594415348093684, 2.276340671926331, 3.546425007801374, 5.808580634614949, 1.6548246442243686, 2.769714044050574, 2.1621423671097104, 1.623793953225468, 2.247895296837317]),
)

gvm_vm_interaction_matrix =   np.array([[False, True, False, False, False, False, True, True, True, True], [False, False, False, True, False, True, True, True, True, True], [False, False, False, False, False, False, True, True, True, True], [False, True, False, False, False, False, True, True, True, True], [False, False, False, False, False, False, True, True, True, True], [False, False, False, False, False, False, True, True, True, True], [True, True, True, True, True, False, True, False, False, True], [True, True, True, True, True, True, True, False, False, True], [True, True, True, True, True, False, False, False, False, True], [True, True, True, True, True, True, True, True, False, False]])

gvm_vm_pvalues = np.array(
[0.6394656464880615, 0.15713980214591183, 0.6532640729201057, 0.3902889722781585, 0.48169120482399663, 0.34934136521091164, 0.7040948597646124, 0.0670804120361933, 0.02215730737593613, 0.5095029748749902, 0.38857674713903445, 0.23398573894211028, 0.6328814365241507, 0.03298326565755949, 0.6119102673039393, 0.004427420643405178, 0.007699690320979058, 0.9055929024031779, 0.3170680982795222, 0.24761241998153416, 0.5845266475361389, 0.637995208633875, 0.9948745312703416, 0.3422192486496609, 0.17544325357332435, 0.4780346759188523, 0.04865083821909422, 0.7729611884009745, 0.6443023713476432, 0.8610507433778466, 0.2007282552152182, 0.5115339953122529, 0.21764918310096137, 0.3558268901290109, 0.03951279746785896, 0.7288810339013597, 0.9383371328345878, 0.1744162704633181, 0.02397444400368387, 0.35493739612478625, 0.003308651161374465, 0.08542697746124484, 0.49695364391401287, 0.972072283461435, 0.9314166996632421, 0.5303438947103756, 0.014708632134719735, 0.4635552668697678, 0.47953106448167815, 0.16380405478525473]
)

