vm_vm_estimations_step1 = [
    (np.array([0.6148694197086391, 1.0780844258352895]),
     np.array([[0.2820225495848155, 0.020916145689262113], [-0.6653215150944007, 1.093373552335508]]),
     np.array([0.8599349610585456, 1.8817215048207732])),
    (np.array([0.6578101283648857, 1.021536208548718]),
     np.array([[0.15818442375713007, 0.021394108477590233], [-0.6712616502928022, 1.3467807769292262]]),
     np.array([1.7873075724750296, 2.1037173618620777])),
    (np.array([0.6779192038480849, 1.001552175487487]),
     np.array([[0.17378158399171825, -0.006300062022253683], [-0.6148684149763416, 1.1997254870403167]]),
     np.array([0.9858720565729789, 2.0263400081845746])),
    (np.array([0.7378743048220565, 0.9921061491832217]),
     np.array([[0.34799723298058277, -0.02880323617693233], [-0.5827535535052726, 1.134257698316638]]),
     np.array([5.0760314912445414, 1.847344235702214])),
    (np.array([0.7168238293623205, 0.9824360765279037]),
     np.array([[0.20385993324972884, -0.07125928710254752], [-0.5486862571192893, 1.2044455458081451]]),
     np.array([3.857773152169229, 1.7912151445849802])),
    (np.array([0.7265904358661297, 0.9861063223438453]),
     np.array([[0.5506416869383837, -0.007230486753822403], [-0.6177331935887455, 1.386143153436834]]),
     np.array([16.38038419643857, 2.211908231724174])),
    (np.array([0.6932499362032775, 0.9882579875677181]),
     np.array([[0.35537436767988, 0.0801387075479503], [-0.6151209113321303, 1.2676094876112576]]),
     np.array([9.71269101837108, 2.040119325004904])),
    (np.array([0.6858223198381497, 0.9592139634972069]),
     np.array([[0.08586135073023177, -0.012484750082980898], [-0.5952727648514764, 1.2039471547461824]]),
     np.array([1e-15, 1.7727885262336316])),
    (np.array([0.6608631318873677, 0.9672452328584489]),
     np.array([[0.14715679402838044, -0.011808273235385245], [-0.6321668769493027, 1.238941987522846]]),
     np.array([2.187551948784136, 2.0709947473841543])),
    (np.array([0.6728138271957809, 1.0694063780650207]),
     np.array([[0.19995771662080367, 0.016941484384792004], [-0.6452796441399085, 1.1867859739582798]]),
     np.array([1.6337437082161546, 2.24892126118769])),
    (np.array([0.7122874153830695, 1.108096168165825]),
     np.array([[0.1802849106256905, -0.014103313413237624], [-0.6480283984320432, 1.0248370612776627]]),
     np.array([3.160372034954232, 1.7781777171081194])),
    (np.array([0.6508383125389153, 0.9305394625868343]),
     np.array([[0.3033084904149441, 0.09977515920951473], [-0.5595302240287287, 1.2790507802673103]]),
     np.array([2.6045488942830812, 2.056970184808412])),
    (np.array([0.742155530069424, 1.0093376006065]),
     np.array([[0.25116977769182225, -0.0323567524987101], [-0.6077671962167586, 1.125881773562309]]),
     np.array([7.153234263780215, 1.9497365638096078])),
    (np.array([0.6367991731422853, 1.025997470761149]),
     np.array([[0.22151712788422198, 0.03374924142833547], [-0.6655948834972373, 1.1501842578258634]]),
     np.array([1.1182730830800682, 1.9825048737989432])),
    (np.array([0.7097754291143019, 0.969057353869596]),
     np.array([[0.2511242588510596, -0.02109057829628156], [-0.6099633287259343, 1.4159960431991157]]),
     np.array([15.194020443143836, 2.0151751834806433])),
    (np.array([0.7345529013097715, 0.9649943624248304]),
     np.array([[0.06040969369119032, -0.13364986553858307], [-0.6099297215350776, 1.2737503849618221]]),
     np.array([4.417001514091791, 2.1184529049487097])),
    (np.array([0.7025112218689332, 0.9977311869234037]),
     np.array([[0.21241485136945903, 0.056208159890608476], [-0.6155760166309829, 1.231073806912172]]),
     np.array([3.7954821396559497, 1.9342166839987855])),
    (np.array([0.7099047494961572, 0.9938435158996382]),
     np.array([[0.152730307872906, 0.09003456399523738], [-0.6494748815129361, 1.2804670934968736]]),
     np.array([7.347194232521034, 2.088140081966204])),
    (np.array([0.7125800812268497, 1.0469367061993882]),
     np.array([[0.10097865916419506, -0.06377358967282577], [-0.656288925387284, 1.1068608276457137]]),
     np.array([2.8634006492792206, 2.0188713086225043])),
    (np.array([0.7105252719772859, 1.0372311651828614]),
     np.array([[0.19865777707130974, -0.07678442172614319], [-0.6891765033166523, 1.2584375000320351]]),
     np.array([4.220680982430571, 2.36918206570378])),
    (np.array([0.6508722545838531, 0.993122244183508]),
     np.array([[0.30466475468540616, -0.02356523979211142], [-0.5507165847455401, 1.1024339751412002]]),
     np.array([1.5399307733403471, 1.8971062667658591])),
    (np.array([0.1632747595220023, 0.9730266570195798]),
     np.array([[0.6711485071151794, 0.011628341637147148], [-0.5740441140651903, 1.201787710292843]]),
     np.array([0.09871977038299486, 2.1567623907979345])),
    (np.array([0.746938891832254, 0.9846281113495038]),
     np.array([[-0.009090856021303249, -0.012408107089195439], [-0.5671187852981919, 1.1054425815599846]]),
     np.array([0.9419880112792193, 1.9054840314178496])),
    (np.array([0.6339846555204813, 1.0394525370852594]),
     np.array([[0.20061103220616583, 0.09900754141556124], [-0.6521834729702911, 1.159186952151618]]),
     np.array([2.4644948234461768, 2.181385150316223])),
    (np.array([0.656343099537394, 0.9691551389861403]),
     np.array([[0.1772783042507098, 0.04000550953905984], [-0.5630008881405069, 1.1905753131339032]]),
     np.array([2.027195076160765, 1.7714693887582444])),
]

vm_vm_final_estimation = (
    np.array([0.69725392369503, 1.0000224535769047]),
    np.array([[0.17304529467365634, 0.0], [-0.6092663791282897, 1.209439896737714]]),
    np.array([2.495439703957623, 2.006787519170837]),
)

vm_vm_interaction_matrix =   np.array([[False, True], [False, False]])

vm_vm_pvalues = np.array(
[0.027389603892191805, 0.4325127904613383, 0.2951258098656978, 0.607979180095529, 0.6263895085299533, 0.6058587481463551, 0.5516071772524662, 0.5988096954423567, 0.7765259793537178, 0.6720131900129102, 0.0977624753032924, 0.11490966425749893, 0.3293926018575246, 0.18264100162142238, 0.673934132071732, 0.690502114522502, 0.20210049685940057, 0.26993974248263886, 0.5479708039987636, 0.24720588954856715, 0.29458209400892565, 0.8646091478364801, 0.0802986563456356, 0.5713832886892045, 0.4070453258001524, 0.3007901061589907, 0.10958751874602413, 0.3506597669567051, 0.8763629090881155, 0.737108040374374, 0.8761555395062017, 0.7476901156243084, 0.5376034679678958, 0.18751335532718982, 0.29376797419831224, 0.37511761887684925, 0.2568321679281317, 0.05043639363693375, 0.11265827455413724, 0.13273839281658473, 0.4447581819248848, 0.9480786285083005, 0.44858221815603894, 0.14355914063074682, 0.2688563266913716, 0.7782713958900198, 0.0530308852028315, 0.9240774219026174, 0.6322419885424895, 0.16566180494356653]
)

