hp_hp_estimations_step1 = [
    (np.array([1.0488878854190993, 1.3465660935616628, 1.4723466614079253, 0.8697674922410167, 0.4167506163317498, 0.36959880469416984, 1.0818156138000323, 0.80486367118827, 0.2943362034228944, 1.4616759154662973]),
     np.array([[0.2995840182210592, 0.01580618226309871, 0.15115759767691617, -0.7348189863414593, 0.5826397477732947, 0.6000470820443131, -0.001841405894519554, -0.010834222602757671, -0.12612541795425425, -0.10747194973770087], [1.115152881027665, -0.7173550528075705, -0.2970770962444435, 0.07094710967642164, 0.16436753606154794, 0.34482669738899757, -0.08786865029424581, -0.08985465839925233, 0.15626169321896258, 0.0012789727419615959], [0.2241208627949157, -0.9997303760084524, 0.6125215221864425, -0.003164135773405751, -0.08812089357552229, 0.35154973874242645, 0.07728663457587509, -0.015186769349980865, -0.046161426997121155, -0.06915575479863939], [-0.45828675648865735, 0.0007465725341344599, 1.177977687013596, -0.8087851704636787, 0.25295242166376686, 0.16310646884506874, -0.08043016828751698, 0.01005884828221945, -0.10230438115707119, -0.008349094976100967], [1.1820834087682093, 0.4870948045980327, 0.2733286468034926, -0.18694573552857263, 1.1102468791606634, 0.16294889179984068, -0.15139654154639928, 0.10899763166231671, -0.03937492278110292, -0.08675112871042819], [-0.021371206191295643, -0.15662697721266305, 1.0676203981340555, -0.8337746407049442, 0.15262352060252032, 0.1944297652251386, -0.05572404196363802, 0.016969585043785682, -0.019473796287186942, -0.007996063330645588], [0.0027939275107841774, -0.054865547388068536, 0.056653396104331635, 0.209979081976055, -0.13079979903477096, 0.5667739281599733, -0.14417479524864257, -0.18305138452341568, -0.05746591017494524, -0.028296017530451627], [0.13331095516645136, -0.06003592481621203, 0.037834782086497785, -0.05628148805817189, 0.07642337636620454, 0.06835253159941723, 0.18003160012076838, 0.4171684154406848, 0.7289050944547185, 0.06722651643625878], [-0.06754265398891982, -0.014991162724696602, -0.08039349378710606, -0.014703375952146207, -0.0006402658433352236, 0.31069010202924574, 0.3334146032010273, 0.45712603245004485, -0.21771367006622225, 0.027231498265055776], [0.11654902640653358, 0.11673345708389007, -0.09197428134106576, 0.012317386305625518, -0.16820919865393177, 0.130657814910242, -0.18541225245071402, 0.04769287249572399, 0.358075626250682, 0.8238008751638534]]),
     np.array([5.479183445804581, 3.6648049058151604, 2.0920705565795683, 3.3054853701055005, 8.651938209790812, 1.4178733364189804, 2.6605684191070007, 2.3453148438058853, 1.346859731608335, 2.9123171713416025])),
    (np.array([0.9618680335055129, 1.5238204082668854, 1.3104178497451913, 0.7372695342759661, 0.5750925251734794, 0.23486578781335168, 1.0105250515848534, 1.055626792710063, 0.3206337183090005, 1.4281173506403455]),
     np.array([[0.47005450654999575, 0.06902199306636878, 0.4104115691078922, -1.0570418898289915, 0.5391320559766497, 0.5185817304621733, 0.07362161007716005, 0.06626936581613062, 0.23363296669500114, -0.0032181992280251735], [1.0670425088158473, -0.6451017058857954, -0.0883220259852615, -0.18499005108632668, 0.17088461235496197, -0.1708536766161574, -0.11094255941744825, 0.005360723169033399, 0.0683869584303906, -0.08078299935908849], [0.21289957374058596, -0.989142143413043, 0.6920166671636938, -0.010166174628179224, -0.25275930026562976, 0.42224232248005894, 0.13285954163256758, -0.03527337311943217, 0.027325645366796974, -0.001978754915728185], [-0.3199249597124927, 0.02083407956772016, 0.8971307079871694, -0.7078712612155247, 0.17647557235850522, 0.26295832944673364, -0.026106704226896756, 0.045149643246104085, 0.015101122076918683, 0.01053483537675536], [1.451847534152744, 0.15998397379094356, 0.28625854810879187, -0.44894479467025816, 0.7733957020561224, 0.030623896901716633, 0.03062956278150149, -0.06779978989934259, -0.02266681230440106, -0.06620557285191742], [-0.0316271519111643, -0.07841328708527862, 1.2409182791091942, -0.9741995423970877, 0.09227341502258568, 0.2832617840498207, -0.031995963333174386, 0.04820174458729547, -0.04123490589578041, 0.03662126659808993], [0.1961468810959158, 0.014020564157898593, -0.10362453565907154, 0.17210107401419786, 0.060496011361310505, 0.6130342901502229, -0.3020613393509314, -0.26352409553911504, -0.09235463345057805, 0.038592499468987865], [0.008708660999763631, -0.04158997634182001, 0.07069727847643785, -0.11294550640051147, 0.1294442999822875, -0.024893010093701397, -0.0852313394343698, 0.40778505915468605, 0.5395205790380403, -0.03987446616288267], [0.00807536961260651, 0.0003483836680008717, 0.015960916067408022, -0.11629386799810933, -0.00699453225562539, 0.2654514985258648, 0.35841163655213054, 0.5801898913494342, -0.061415622014540316, -0.04035277843715336], [-0.1353735758492532, 0.03959971657670611, -0.03265404071451144, -0.2141775471011216, -0.007509803944970811, 0.07496789845557258, 0.1926677266550153, 0.038872007420015904, 0.5536100330121598, 0.6563055988422585]]),
     np.array([5.908934233021571, 3.241298402250243, 2.2042156760539657, 2.793874517178178, 7.27338923129558, 1.6771207516154063, 4.030374492473867, 1.7130103302987663, 1.5751119473243906, 2.3254511631481773])),
    (np.array([1.0091800555530626, 1.4132842816546491, 1.3353317425628273, 0.7614598327700326, 0.4748491133291677, 0.350881254996524, 1.1117731630565983, 1.031750225800134, 0.3945958619612891, 1.5150170733447283]),
     np.array([[0.6073072412596875, -0.05510902743611355, 0.2325768674826328, -0.6946156851728125, 0.8026459015741447, 0.7374147338326165, -0.09769650101956037, 0.0005483943292587338, -0.022548399927352022, -0.1685218442501064], [1.1575663328332124, -0.753186728597063, -0.507353031184368, 0.17452832891550138, 0.23804936695026727, 0.1657467773631589, -0.04534018191532701, -0.00986022685708574, -0.0323666621393555, -0.0016216026325389338], [0.22339693097653532, -1.0377487387734021, 0.6341942004724003, 0.06439461284287977, -0.15061930762032022, 0.43320818940893957, 0.02298839111773743, 0.01769213121435216, -0.06885660928375927, -0.033845928423814016], [-0.40726925276225356, 0.01483421240327779, 1.260872812910156, -0.7816269870335297, 0.24602027646687388, 0.3312124217006285, -0.024574139003373192, -0.03583489303298235, -0.015372807011890997, 0.001498316374875589], [1.3743187447456702, 0.29559082466826153, -0.04701727410488065, -0.26737990573752834, 0.566934622532345, 0.1571666839594489, -0.03517902224977226, -0.08266263649672069, 0.0013404070974909477, 0.013556470825032758], [-0.033175462056488574, -0.16004594624065566, 1.0110594184694894, -0.8559419576148959, 0.15810563102505412, 0.09168064356979296, 0.010099541646274976, -0.0025342823504157785, 0.03674263878708293, -0.008273442141105475], [0.0638192379679651, 0.04992195927146334, 0.03156242361035344, 0.05972004008071228, 0.05240135040972358, 0.45244183137403077, -0.1598870667656589, -0.34182838782869246, 0.0024934639983236746, -0.010302479015462074], [0.06507294876855992, -0.037772838736721034, 0.0011022482262866803, -0.07014078539993208, 0.048463995546433346, 2.155053820153713e-05, -0.053257873817000145, 0.4986701670146316, 0.4372774369935337, -0.005343326159454381], [0.07258221321542302, -0.1241514601728538, -0.017955650874001798, 0.07889556192127456, 0.06422586691039937, 0.24006399938550282, 0.21506313583404496, 0.4861079494462539, -0.13614337302821303, -0.013252316868693438], [-0.10604998806778111, -0.03271954437179684, -0.007148769750121296, -0.22414063437509482, -0.05796657994559663, 0.10573647396322651, 0.1439235396827078, 0.07078740760652993, 0.47337436063705696, 0.7327989660414056]]),
     np.array([5.515390799361805, 3.5486531063668356, 2.4012550688854963, 3.987054468698364, 5.68011703699915, 1.2725682669815432, 2.9282837862119226, 1.8370947234936303, 1.4868758658199943, 2.895234630398791])),
    (np.array([1.0288793558278246, 1.301192682794502, 1.3008742507612685, 0.8689487275169938, 0.39534456217233854, 0.34612611740384724, 0.9740080665446043, 0.9604410238243087, 0.3677442820498731, 1.5180856782118126]),
     np.array([[0.3924947984374308, -0.039874622556197135, 0.287790626049228, -1.1011988751066664, 0.5643909344294274, 0.7205824987193757, 0.03440403115353989, 0.0024590124459335904, 0.12416184486894268, -0.06949763441495492], [0.9532485411641844, -0.5319911394056749, -0.188466052871106, -0.00963884473553367, 0.21901575003269505, 0.039392224438763765, -0.035164495805133665, -0.024391570523087682, 0.09645006191606872, -0.08442522657496573], [0.1258668468462575, -0.8672632611910344, 0.7197522257337048, 0.13362129411984355, -0.1249147964550486, 0.24229334789954995, 0.015609330676344284, -0.005257995463795434, -0.07214799727696114, -0.06217582894360886], [-0.3885956740092449, -0.12054779364157901, 1.350222266552603, -0.956736511465708, 0.2838396879292324, 0.24745891385757504, -0.2185761726504073, -0.0010380589448688745, 0.07079266078524714, -0.040736568866453896], [1.0586826005043417, 0.2163257705326139, 0.03985000906134001, -0.15782156629541708, 0.7255646308501013, 0.12535715961862293, 0.011174261496706547, 0.090839447604159, 0.04204057822628107, 0.03472695429691084], [-0.09320359085247, -0.13728818704048262, 1.062911577468426, -0.8504600752074855, 0.21671099342881844, 0.16025004740649604, -0.04169799378551743, -0.04069962128087951, 0.03399255009596276, 0.023550424636911944], [-0.07997973738132483, 0.16987847794903005, 0.0671827285696174, -0.19803084426880987, 0.022664764528686508, 0.6328986175425346, -0.1507175788713505, -0.12453562597629345, -0.04388365377598975, 0.019281935366139046], [0.13747810707867283, 0.04791627357789256, 0.21441293650013313, -0.0831539363961281, -0.08757782711864144, -0.19004195850131075, 0.026705735876371338, 0.6678290940605395, 0.5322955125859492, -0.08451608273794146], [0.10816699718857817, -0.0980723195182368, -0.030335124657938077, -0.003665223837194437, 0.10110781923129744, 0.3485633205004756, 0.2848022894841125, 0.4566743557955175, -0.2186590653426789, -0.01123658573030529], [-0.059034456424250835, -0.009719827677659186, 0.11208843423428244, -0.004153890673748753, 0.1424245316872868, -0.11255164020698429, 0.12671989829913805, -0.023931819913150562, 0.4280796810943677, 0.8023495724289514]]),
     np.array([7.151230610259783, 2.8464511652286246, 2.0890079493929865, 4.116086981657749, 5.874347981708147, 1.5498482988234479, 2.7967712781483267, 2.4803251343178117, 1.4621950944927427, 3.3045928071498256])),
    (np.array([0.9675177119376378, 1.4075181689236764, 1.1235192683615405, 0.7980978759345135, 0.37066550188330644, 0.3319908303250985, 1.2051007273654002, 0.9341909122292935, 0.2265266995897665, 1.6214771910457177]),
     np.array([[0.7812489144640394, -0.0008872253373279609, 0.5036907660777454, -0.9626053916233226, 0.6501249181759847, 0.5999629915747631, 0.15003169771456104, -0.17721877061226715, 0.14591337072096788, -0.05150506872057613], [0.8153904812438627, -0.6581821861767175, -0.1775694522592563, -0.06897960814386309, 0.39284693791495184, -0.07471227901363482, -0.056973636962761344, 0.03201434108813853, -0.027586816748460856, 0.031549359769650655], [0.24696956930075445, -0.9211469028685209, 0.6660535227939363, 0.25742292516789644, -0.11880459782975426, 0.13808369192157366, 0.06430834554963481, 0.05273053094609857, 0.00148147470489018, -0.010174722617252309], [-0.37784181658017746, 0.013670732831779876, 1.3185721506858872, -0.959719172472376, 0.18497109884489168, 0.3004080323324682, -0.0040311467108867915, -0.019909324663362125, 0.05942554982663376, -0.01746153681306039], [1.2398348579739107, 0.3537308284263865, 0.13777736108724833, -0.2794805238041228, 0.6786079892720165, 0.0522323385951682, 0.10192643746037071, -0.04125149172120632, -0.007920212932954586, 0.06693420043639692], [0.006059531558668537, -0.09524162220035874, 0.9820763133465458, -0.807937239379791, 0.050185650847871785, 0.26465179924263693, 0.024727136336003756, 0.012801477459853649, -0.0744760230286738, -0.001943045944284181], [0.05714326936541669, 0.01382353579438944, -0.0317102193231924, -0.26306598752851823, 0.002072653228361837, 0.5056164568115905, -0.1398285103387733, -0.2493055038615072, -0.1706520180224657, -0.007209345069884133], [0.02609170349426886, 0.02523449057270205, 0.01492070006852355, 0.013886200654335091, -0.0531641410691728, -0.046533513705844756, 0.02347057908812996, 0.48612910781153096, 0.4337780842074355, -0.0399180147931447], [0.07942848403861105, 0.026575759059072196, 0.020627706613959674, -0.07537784152068458, -0.015830138996285967, 0.33771668939759975, 0.4154231929521835, 0.6559930454963074, -0.03978474100976707, 0.054425255018694906], [-0.03161132331427489, 0.08095840307315848, 0.05651706123471327, -0.19542051089339757, -0.13285410087167973, -0.028779151227029977, 0.15075184780054413, 0.040358912065901136, 0.2893769279840974, 0.500060068866716]]),
     np.array([7.308884632809218, 2.7716929402183603, 2.0802136022241298, 3.9789494606300373, 5.302096517170666, 1.3807809718773307, 2.9949988875315667, 1.6893872312229872, 2.1351498562601785, 2.235019692321054])),
    (np.array([0.9066627991982859, 1.3619963524491148, 1.2893493350697334, 0.8606175452158059, 0.39815679485599254, 0.3109649958304428, 1.1811150629281806, 0.9113421800289557, 0.38822936318956414, 1.1186190453802018]),
     np.array([[0.5311978437142567, 0.037853842334814314, 0.1902008246564822, -0.7604571839457683, 0.27582512573933626, 0.7700682682982244, 0.1763712651150204, 0.006053300151671057, 0.14600304064332068, 0.07069575634398216], [1.051723617127499, -0.6686203816778271, -0.15975509046162903, 0.014811081335802855, 0.1236331427626386, 0.07817776707993265, -0.03551134587795052, -8.496434161129032e-05, -0.06639640778230407, 0.025960916243648758], [0.10296549695172835, -0.8329389907464779, 0.6849840720925832, 0.033875424465160384, -0.06181825137480664, 0.10505396074965517, -0.09297045552595766, 0.0018979658932318604, 0.07263125587936185, -0.017485316227116778], [-0.3662853974875118, -0.07278060304113433, 1.3634562292089798, -0.8147923227395694, 0.3053741207801739, 0.012081900082723728, -0.032937778339783896, -0.037726062173972175, 0.008980895722562426, 0.002727043307848899], [1.0896601048382013, 0.08697433502410289, 0.17754258889384825, -0.3139371813049173, 0.8721691648528632, 0.2944130456644282, 0.06788890174338799, 0.11051009928800999, -0.01830006038793939, 0.04421855780081113], [0.021965101130509562, -0.1457299073154971, 1.0167632441068168, -0.7800160898508528, 0.12762662973598307, 0.13977204405221663, -0.012156084481044068, -0.06710527703209133, -0.027588768456044997, 0.05475000850133629], [-0.008466523027382346, -0.0018170509746476301, -0.0008116364191459757, 0.12711651014874067, -0.0563116305030209, 0.46852425530858594, -0.22230314936608064, -0.3113189398449841, -0.12554258451575143, -0.0643959271561822], [0.09990290926630994, -0.053290640575471386, -0.09027097492858087, 0.25295688722770854, 0.12164355760511569, 0.021737767828533847, -0.13528563258547027, 0.45879365312139897, 0.4754914287911566, 0.028602563763325747], [-0.02756536837334871, 0.04793531550590182, -0.03671060409650912, 0.03034903160200103, -0.07898191908909491, 0.43238237646464145, 0.43114288164917375, 0.5989535117468923, -0.06810553034169843, 0.0387883141968975], [-0.02673665033557377, 0.030026073000909155, 0.2201297906566176, -0.12247478475095237, 0.1218770265502818, -0.045407961484687204, 0.1298763980828679, 0.05206743341064449, 0.6028630318928879, 0.5523850777241648]]),
     np.array([6.111628089566585, 2.5894607843051416, 1.9997407492851138, 3.4050209470777406, 5.556072965166871, 1.2940588229291912, 3.4118647621292943, 1.9753909276246824, 2.5652778448726266, 1.9925296733065507])),
    (np.array([0.9774397145048808, 1.2955615901217694, 0.9875516063556998, 0.848566845531235, 0.41425982768767655, 0.34741503926540385, 1.1685911823116912, 1.1632432198232738, 0.3721582361721511, 1.431109815523298]),
     np.array([[0.5009560530726401, -0.04785586207624476, 0.22694782088152785, -0.8246358208432796, 0.8132100320248917, 0.4572357725925239, 0.142484634084109, 0.010985811053225502, -0.16406456469133812, -0.028964748714471654], [1.0372395450751397, -0.7166302920156429, -0.22887451285402693, 0.009378870727073899, 0.10219848569434614, 0.06470003961395444, 0.015791844436558, 0.019994543397571573, 0.20229002434381796, 0.046592790940052926], [0.3053592271749717, -0.8877610489697486, 0.9904651912956572, 0.11076211868781888, -0.132493830616175, 0.18254496135651455, 0.02278032137075728, 0.022560250127098693, 0.13352222317780224, -0.0657925394623564], [-0.46374352301358057, 0.03538470936944062, 1.3989121933946236, -0.9422746449878072, 0.28570611840276805, 0.16135009251276172, -0.08513367169727844, -0.04515434559761679, -0.08905828099328478, 0.011020707273903179], [1.3307247461620548, 0.1467036130119878, 0.2551600378820317, -0.3076095514233034, 0.9080342907910689, 0.012973894816456777, 0.0026708261725285646, 0.04753293528416454, 0.10177595290136103, -0.008115310514559807], [0.012757253373528956, -0.10690540031262484, 1.0163432729526156, -0.8680545991365585, 0.08355929454942466, 0.13461049658416502, -0.028857114083123026, 0.029202232218888187, 0.009139016192353374, -0.012748908870959214], [-0.13720911323663906, 0.061764868915829385, -0.10872836487094494, -0.04167383938911723, 0.014386394919817466, 0.6006020548810724, -0.22859334742244372, -0.3031026041657863, -0.04579793480617472, 0.07158441375543659], [-0.03257617743121663, -0.08611621747528343, -0.0012581712090553015, 0.004139152477580889, -0.21653007783961387, -0.02596424264532053, -0.013801253635122, 0.4745701750397157, 0.585551327609646, -0.008396782546604892], [0.025959440288753022, -0.002825610585727692, -0.04261488808208284, -0.08120687652375168, 0.05157645354360219, 0.2927018050524646, 0.3119046538096862, 0.5383973978557309, -0.05326765852491055, -0.05896960326631989], [0.0038954956406773316, 0.16618645326721512, 0.03787770333183693, 0.03364523738413413, -0.012412545411647794, -0.0349802702905371, -0.12954859143261988, 0.15480083046675386, 0.5618574170379971, 0.5493775870030935]]),
     np.array([5.743382355165709, 3.1691471296785503, 2.4651089825218944, 3.892392112208738, 6.727745982514135, 1.33279917303183, 3.2113466952348646, 2.2007887572487332, 1.632109768403881, 2.7292808040794316])),
    (np.array([0.9671076402072748, 1.3543546961257056, 1.2648703368469183, 0.8027531824452573, 0.4323360475127955, 0.4734495534044717, 1.062144075858656, 1.0364343482729879, 0.36862625623939976, 1.443736380070458]),
     np.array([[1.032818601098304, -0.03674557548590553, 0.26720339471230026, -0.9507223893990868, 0.801613115183461, 0.9463819253759025, 0.0009693474328205274, -0.021112826724103473, 0.12997628959843593, 0.025113125819206824], [0.9464463846790698, -0.522902665142912, -0.16111914633959878, -0.12930311613951484, 0.061718730391336386, 0.10607465263036667, -0.09857384781272582, 0.024091357347929873, 0.04296477303844456, -0.03495280174303455], [0.25504768541978756, -1.0803398418531067, 0.749232239359135, 0.10958601928220936, -0.02943341146324901, 0.35484830775760606, -0.06801732259244077, -0.007302799646440812, 0.05402961286532598, 0.012720985402753095], [-0.4724143649637923, -0.010468234394290937, 1.2680923876307966, -0.8364337694398646, 0.24962538938488363, 0.4267807363880425, 0.11084717376836026, -0.10154044695300794, 0.06195664199306267, -0.01483123151826702], [1.228226552404438, 0.23047598599564922, 0.1756094482992847, -0.11865246897266629, 0.9294749599819495, 0.0642293376599699, 0.0746162160478697, 0.09892697842810345, -0.18064244157718048, 0.00280186474963795], [-0.0016550091725516082, -0.13409273521300566, 0.89980710967371, -0.7455143691722907, 0.14386367442434872, 0.24181556369216906, -0.07021182709033137, -0.0045045421485335295, -0.052968148579335364, -0.0396785632401534], [-0.09282785001175939, 0.01880746458497218, 0.15767358197369727, 0.06298134246342452, -0.00709806831614969, 0.6775694371780314, -0.246767593211335, -0.30038795325179113, -0.1707541629559726, 0.0556923271295627], [0.2002272261630634, -0.11477507320895565, 0.09810448103600894, -0.0687219275959991, -0.10645994348539814, -0.22892039965781197, -0.0825114414055871, 0.5722596586555354, 0.7573280450960719, 0.023173007940424647], [-0.11844458435323514, -0.01807385372403264, 0.04308257419128719, 0.0064762156458194504, 0.035063332910280534, 0.30217910738197784, 0.3215031405064931, 0.5402721763591933, -0.2181836574729367, 0.024151629674076632], [-0.005904739680639878, 0.12171427644172253, 0.1182310078053516, -0.19087690085216658, 0.0975954977992874, 0.03911614850295496, -0.10544947977826473, -0.07998268072423706, 0.45217828835343005, 0.6653494162136854]]),
     np.array([9.752226449785056, 2.570326126712626, 2.1578633722243534, 4.220743776215503, 6.182434216841841, 1.3445545958326695, 3.322083433801545, 2.2436571445916673, 1.7469182063926536, 2.5245374892446293])),
    (np.array([1.134765157524575, 1.5451126956019456, 1.1699761328590865, 0.84725779148288, 0.21966698800873566, 0.4221310492778756, 1.0548008979410415, 1.101185947019425, 0.3563920260694016, 1.3393602943993377]),
     np.array([[0.4071594935221993, 0.011571424077768068, 0.4075808993385572, -1.1788368633277122, 0.42683799213283824, 0.4558097678561294, -0.2042582970953751, 0.008568977750913805, 0.04741721523193047, -0.08797364434183334], [0.8004994319029904, -0.6738141046238925, -0.33622013763082625, 0.1723760932662391, 0.18616412258286183, 0.11609257518896984, -0.0696352024497999, -0.0875614311319347, -0.057482568205388024, -0.027634178543603085], [0.08587371661625592, -0.8331365847983621, 0.6563684444768246, 0.07223555453730034, 0.002081384487572561, 0.21217276220771536, 0.05561308022363124, -0.0010693228194728075, 0.06156935036605261, -0.0027714377849313546], [-0.4101333120266937, -0.03285492543432352, 1.1855039976575705, -0.8989317486972849, 0.08827711933113538, 0.1739375061265396, 0.035500858869722, 0.14016341807785881, -0.18337022170560324, 0.04484107302539368], [1.0631958016507455, 0.462058127141618, 0.21273172901027543, -0.07598180463644295, 0.6878694236485176, 0.018141575931241573, 0.01982533253525812, 0.009252545234047881, 0.05638787938836397, 0.09963944117058687], [-0.004345079745151722, -0.15784529808957626, 1.0405240243972707, -0.8150871682218493, 0.10275125573174336, 0.28903542271612565, 0.005619737341544349, 0.015287885273113578, -0.006560964122908608, -0.043523855451777844], [0.041134043217280064, 0.007469128928839932, 0.03270113324723947, 0.08858116130153688, -0.0250974984597538, 0.24200980063368907, -0.09816662276323992, -0.1321273011007195, -0.09039713819981424, -0.010927399195546217], [0.039810559315375985, -0.10701871953376972, -0.10568103942342114, -0.04552734993928952, 0.0833668162805626, -0.02397275745973719, -0.04933373945135238, 0.4634099366243695, 0.6287071341937301, -0.0007833399832355794], [-0.06027394308599666, 0.04986700983979991, 0.03756548714101804, -0.0564897557866118, -0.006461624230727073, 0.31774702700002244, 0.391165010343253, 0.4682321489210055, -0.18159618112590054, -0.06668189530257038], [-0.14466174993957204, 0.21814101332599273, 0.3739343368239387, -0.11844972032378377, 0.09556509598239188, -0.3105157771551607, 0.2519453134196127, 0.043379352696770464, 0.4802871187030161, 0.5901332267257666]]),
     np.array([7.923577030494434, 2.446474973654864, 2.096626567773886, 3.1878901769328896, 4.323228384723965, 1.459980068937776, 1.5292651742616838, 1.96624343756388, 1.5539659388568616, 2.8215450962668593])),
    (np.array([0.9641590560661241, 1.1604128547846462, 1.1998794209140657, 0.7707255268500991, 0.42701039733593743, 0.30423374006443415, 1.1478253190497594, 0.8803019631125518, 0.507380690527424, 1.3656061046175632]),
     np.array([[0.30510195357060904, 0.027430193106339564, 0.20968238027520836, -0.7457374905165843, 0.6732212582670589, 0.8125206826473791, -0.0015409172462325141, 0.10424856262116543, -0.03931639315162443, -0.009235478772765829], [0.9806953431180818, -0.5901798936457253, -0.13459900023175397, 0.09872100813523403, 0.2627694548750014, -0.06368845208272873, 0.12323008336741025, 0.13486052895787043, -0.1853584785434992, 0.057685077810929554], [0.17908075003608762, -0.9404845772450801, 0.7223999714097116, 0.052570194920537855, -0.18088747945221428, 0.22620261120946378, 0.07936083802731048, 0.06322523403989416, -0.04440202970479573, 0.01111171904618726], [-0.33919792840807067, -0.0050326785166537255, 1.2328058355934846, -0.7356511306675559, 0.22131871635977343, 0.25271056342448256, -0.023658736193682497, 0.007982861875176838, 0.020574537131177247, -0.06526756040276162], [1.4180341702990769, 0.2540309363055085, -0.05171967982294214, 0.17465849509428563, 1.0228562982105758, 0.04596053987422583, 0.02233242097247131, -0.01324766620978833, 0.009914013219538154, 0.03466345845986235], [0.0132101076684997, -0.10542382612698468, 0.9012357776787117, -0.7040595959871567, 0.09456117302500416, 0.049772530440665985, 0.08474396352239702, -0.0037894643976660136, 0.02961216101185389, -0.03358956616980419], [-0.1407309582705595, 0.05357212378110226, -0.02812389813419208, 0.013509406196129472, 0.0050996198410708255, 0.571314510911787, -0.09268453602378694, -0.2825015742429577, -0.03519414779046351, 0.005994379114976028], [0.19735336271130613, 0.0918865552577995, 0.020956677405766122, 0.0020371547640852814, 0.002430809910800062, -0.08455649735087654, 0.005815034954868894, 0.4073705648495295, 0.5655676196674894, 0.06927409593642798], [0.0026343254417496554, -0.05757565637535244, 0.02842025523047672, -0.059242074785777296, -0.08617754394693083, 0.5257545104007378, 0.1477707424490695, 0.6005379589894135, -0.061803104891839315, -0.08531462338303283], [-0.003276104924543885, 0.12106372736674863, -0.056822325012017394, 0.005774470945373725, 0.04951240678212484, -0.0496967672810256, -0.04874898358940171, 0.03504578152609096, 0.3519989988220635, 0.6300576653570615]]),
     np.array([6.495973123167331, 2.3480000761741207, 2.2434018854940194, 3.4931026640767997, 7.128634531797105, 1.2541479305410916, 2.3292196789894866, 2.1170923380166538, 1.9413978356008108, 2.3113749726283173])),
    (np.array([1.0004375272119774, 1.465292270811741, 1.1886894313197673, 0.7793669741601489, 0.2990400261365678, 0.4515356456080428, 1.1421737425991774, 0.8404433157685858, 0.3654975928072407, 1.2570176641296034]),
     np.array([[0.5779935324900345, 0.005682226132888357, 0.28179867756459986, -0.8787456095030064, 0.6220581619547119, 0.5540291291077432, 0.021507457178591177, 0.0038694305554710768, -0.04815927849196815, 0.03661416981025292], [0.9760810043563579, -0.5773698598915852, -0.2983496335111359, 0.09839336030838199, 0.24670168101168, 0.19398847033568584, 0.08105588675885078, -0.138584706054034, -0.14604035372019109, -0.05012277887351323], [0.23388740822503518, -0.9821142277287427, 0.6902646755098468, 0.16210258570784247, -0.13073429244384957, 0.41109378160566457, 0.003113340329274137, 0.02340155618049266, -0.02062606908621393, -0.024599374306317905], [-0.3908902009398958, -0.03639948054253378, 1.022302238127683, -0.8104213848388826, 0.21058502927301448, 0.2424758483138483, 0.09996367213577916, 0.11092657113928096, -0.12270002280921502, -0.0034735120128079784], [0.9534990954256488, 0.22244673105848028, 0.18757702347820626, -0.14201084040304376, 0.8202182343733809, -0.06962894280630022, 0.07872031919907069, -0.013893393439986976, 0.16333277878865377, 0.06411574873600426], [-0.01531094495673503, -0.1095128057020991, 0.8552322518294724, -0.7638054204783122, 0.10086139330048673, 0.11437829112462707, -0.06947572320374733, -0.010895604710517015, -0.0001187808310031903, -0.022486498825857237], [0.04933122622828708, -0.035918042827702654, -0.07479274547842846, -0.02994860749337516, -0.06567390911574227, 0.6910059777117359, -0.1689732031109983, -0.3149283158079972, -0.06197807174514149, 0.07112146251552438], [-0.007891763160873054, 0.045681222710658415, -0.12346843499110109, 0.11100276360048913, -0.031557307857586044, 0.05204625798894467, 0.09995188194983144, 0.45102921196802415, 0.32485739513436696, -0.006266979918762316], [0.0239152952938262, -0.0631816592047094, -0.048530330786340815, 0.02086272366052369, 0.0563657983483536, 0.24605325506491393, 0.2758610662285558, 0.6100701595397936, -0.1060957164244051, 0.03518565221801362], [-0.031891047753540985, 0.13320661054314697, -0.025007748195669314, 0.01964407460952355, -0.08036616152787486, 0.04828681924971165, 0.20056674345905004, 0.046203469732940775, 0.6880116218133008, 0.5505963846654992]]),
     np.array([5.804602424330785, 3.0172533843406892, 2.3620003774986214, 3.226062638127723, 4.892132076527584, 1.1515822463090246, 2.658521754618544, 1.3569620486604852, 1.8672190198271579, 2.495743524897739])),
    (np.array([0.9978383547950453, 1.4201573822798204, 1.1900702816628224, 0.8802947407025449, 0.4319800959096042, 0.246234918400321, 0.9914877085329332, 1.1183232158135008, 0.16246083215245638, 1.431489375106308]),
     np.array([[0.4250763225327873, -0.0764313468082482, 0.10568978270676549, -0.9227146155456312, 0.6494941055429121, 0.9425128828629266, 0.03433474535675012, -0.05717107923172915, 0.015035527419115654, 0.05797246076888696], [0.9354724969486009, -0.710997669280416, -0.2703053195703643, -0.004397372226311496, 0.11486272931308227, 0.11627556361393866, 0.048075328696752996, 0.16168519529913322, -0.07513659996275336, -0.0766868090411209], [0.19546102502990015, -0.9100781940717018, 0.6568075931765943, 0.0411305834294276, 0.03407158202405118, 0.145678071401454, -0.015440212496065678, 0.009349310455969373, 0.029190636287018887, 0.006113715114364493], [-0.3488236792661799, -0.03547241967887145, 0.955282547734729, -0.7367018196185849, 0.21140068128901035, 0.09044684122861324, 0.11647232079219484, -0.06857189090419517, 0.04030850707595159, -0.09238739720860308], [1.2828642530624375, 0.2510244092502944, 0.10810009577833349, -0.2339177044042403, 0.6536215021835784, 0.037148138565218876, -0.1003665206710281, 0.07973451477786138, 0.12044326113557792, -0.08204344223015733], [0.005312718313928923, -0.11083746278750609, 0.9703392462088131, -0.7822629147130501, 0.08099068629179121, 0.17470165358585885, -0.0028445298700973034, 0.047968720974539636, -0.02256644505780561, 0.009868185341987822], [0.08952881885842509, 0.009606176864867038, 0.0428363187736314, 0.08587871129878358, -0.030039926440213034, 0.3707685555806521, -0.08627233326797568, -0.16031186405657863, -0.1621517169655193, 0.04644687621675749], [0.10324610513872931, 0.1755194754277343, 9.783513229069375e-06, -0.1281985082914199, -0.16653961785283342, 0.09225021771894881, -0.06597472458722577, 0.539998401136454, 0.4493286747585628, -0.02935566487577782], [0.04722478599713594, -0.08540945414305469, -0.053498488161478654, 0.1364047388654357, 0.0783054747696467, 0.34585307983742436, 0.2988734032111456, 0.6359510162273719, -0.16907669007668938, 0.03582753323975398], [0.09822413048029506, -0.07817165831816313, 0.12161166452948775, 0.04525477666591944, -0.02639922008382136, -0.05512560868274028, -0.06273534511106146, 0.0051836323509257985, 0.50383033292621, 0.6028705582326574]]),
     np.array([7.322373107686162, 2.844270373297617, 2.1777537251430195, 3.060742831692479, 5.379802466014912, 1.2867288513866875, 2.2254497501343002, 2.45642762086952, 1.7301038481129654, 2.322234317336298])),
    (np.array([1.070277247305601, 1.2461094924408813, 1.242229824127097, 0.9253747883638627, 0.46064770916552716, 0.43704676480461324, 1.130845603795088, 1.1315116793489581, 0.1328438769510409, 1.5123554223800815]),
     np.array([[0.5053008586581085, -0.11645514046643306, 0.2398924226390223, -0.8524627814332166, 0.20511959182336661, 0.7692457860292032, -0.09969461210838425, -0.11813617451133115, -0.11000355488850833, 0.049818609328065325], [0.8591272088126684, -0.5128266896439357, -0.15225366208607774, 0.00263591938383096, 0.2646122709372308, 0.18870880750315122, -0.05761607458159053, -0.03336578717353633, 0.0920701133759096, 0.036327999882837324], [0.18386146203329737, -0.9265233386704177, 0.6460079362562877, 0.05066538871179873, -0.0319868191606598, 0.44225108205955177, -0.022004468612048182, 0.016749416517422542, -0.0010120588692204488, 0.011219208546329563], [-0.47804273272742526, -0.025051786270261927, 1.1786640382076923, -0.9145720024210972, 0.14014131840143249, 0.38130055268889634, -0.0017151049791585297, -0.0341782293744751, 0.03759308146092049, -0.03716538933002342], [1.3061738318939695, 0.12118339807772006, -0.042436783635700775, -0.26786241615507994, 1.0987669819875494, 0.11133693955851792, -0.0051075740043983395, 0.0051116189588586635, -0.03063265306467799, -0.01682137441120888], [0.039206698634194924, -0.14855894298019587, 0.9492332153719316, -0.8604444074131294, 0.07858820941732446, 0.31081076125467544, -0.10104202687374694, -0.01132456193448457, 0.021253418804343057, -0.010591864496064467], [-0.15326965318728147, 0.02393878663927869, 0.029404738793723552, -0.08214286566734122, -0.013459717396766975, 0.5031449537825798, -0.12893509608201364, -0.1844927325812461, -0.04199036437176396, 0.04226497916540083], [-0.07886585249815567, 0.019053002683827938, -0.05557501776864832, -0.06940184344185815, 0.04132795762724985, -0.04309927798105595, -0.09942620428548594, 0.6336727187628768, 0.9052014699431451, -0.027542316549352425], [-0.027397387057474683, 0.011264926089777388, 0.10078736579019398, 0.0892003029355666, 0.05749596914888515, 0.21262024451318784, 0.2928796724585253, 0.5370892182026351, -0.10393724996514077, 0.040793988096550125], [0.08514985877129673, -0.05726638222758737, 0.11417151032232056, 0.2847375758708605, 0.18873365205900805, -0.08213539951054992, -0.08556640464845956, -0.038075961509994254, 0.18272053258692503, 0.4448082330403976]]),
     np.array([4.794849258679054, 3.093113628827244, 2.313568140810572, 3.6190903297860806, 6.84050720307848, 1.4288350311889655, 1.8264302603913565, 2.567057561575339, 1.6064964612127308, 2.097541820932685])),
    (np.array([0.9399105284091941, 1.2160404240344334, 1.3400182718579738, 0.7437164715998952, 0.35253812198279666, 0.3915261833088411, 1.2231483194828454, 1.0544949787721198, 0.09130327522556696, 1.3107991125220948]),
     np.array([[0.2927235094070152, 0.11656649745935803, 0.3544947652586701, -0.7429850282497488, 0.6632191462396555, 0.7628786280854079, 0.258531341527806, -0.12356263901225059, 0.10271360535980686, -0.09941385134828652], [0.9458732889777399, -0.6722071270700174, -0.0716002895353991, -0.17215219110550456, 0.3055480338607312, -0.16779793158222522, 0.12682179227617324, 0.05511279020798407, -0.020860822609087334, 0.15020443361587066], [0.17226021402174496, -0.915840331988711, 0.6026203485545992, -0.018003029953636732, -0.14153479486861892, 0.423071566858594, -0.155795068049371, -5.903133051911121e-05, 0.02008022047615069, 0.01203171217751823], [-0.35887503363456363, 0.011828339435098211, 1.4507281276749524, -0.8701456712673604, 0.38915180023392815, 0.15432318776686002, 0.08755750845669168, -0.05517904629449515, -0.056638432508945645, 0.04939289958247867], [0.9791355957905098, 0.19799519119840098, 0.16587047124324808, -0.2612863977850342, 0.3607130246921628, 0.05614102060971437, 0.003537397939623805, 0.0037277302507332196, 0.1232095027944877, -0.021266781204748564], [-0.04153458302273741, -0.07970158150173216, 1.0299772321236866, -0.8801678779768864, 0.022076296386621005, 0.22423415862181448, -0.014222427109488053, -0.030767772170443606, -0.012470075676421331, -0.008505903803522607], [-0.05185295614048954, 0.049378205913156885, -0.021791149355763765, -0.10478731155103124, 0.1286486112662334, 0.6024295939078083, -0.09914975963891712, -0.30694991589962545, -0.026644373672411504, -0.032890574985926374], [0.03563940291675077, -0.02609295590221171, -0.1450561871888629, -0.12619960114682235, 0.03458649341264029, 0.06871070754015508, 0.14559012030918558, 0.438701506754311, 0.6098951442384111, 0.024708972578193555], [-0.04221049554292758, 0.05448869436896246, 0.0273545790345563, 0.01464627608916442, 0.005630956826424125, 0.28322179963243965, 0.37923587132105085, 0.4878923044195918, -0.1499354301224785, -0.015459743449993178], [0.14659552993803582, 0.08857542225632008, 0.1160568025896548, 0.0999244069731178, 0.14777821428141777, 0.17427002251806084, 0.004358256934975729, 0.12249977496073985, 0.3882179410124128, 0.786610021405186]]),
     np.array([6.120655944813353, 3.183382574340885, 2.2073002498438803, 4.296309633954351, 4.216408557018001, 1.410015200736135, 2.669117178177459, 2.1773032789039655, 1.279468367539392, 3.548275938002185])),
    (np.array([1.0106166057838848, 1.271639800711087, 1.2627881202522655, 0.7867174346109471, 0.4742612916477382, 0.22841669780973822, 1.15197476265984, 0.9396494726209557, 0.34712995082454584, 1.3246276810331075]),
     np.array([[0.37781106770234957, 0.02525811375603589, 0.11134669374217189, -0.9385233644048672, 0.5820249559501729, 0.68243252227808, 0.03541157908294868, -0.05982044622383588, 0.015707371003090234, 0.019278672594607336], [0.8243459195921387, -0.47649112625846163, -0.22395556406546727, 0.011861843989141673, 0.17993059328119315, 0.09411326138431517, 0.10757334638433216, -0.08092979107400489, -0.09510342424166057, 0.03522275992398727], [0.1548229887775952, -0.9312885238639589, 0.7836753437475884, 0.12006477116639944, -0.12395732206218986, 0.3015902837173716, 0.06795568723860294, 0.017807186607717056, -0.009722004812656821, -0.05315244153863636], [-0.45136944452940153, -0.05157774664598778, 1.2428211575902797, -0.8040713114723675, 0.21488645924824368, 0.2982435268716448, 0.044585757722838716, 0.05367080475788614, 0.0031730988947639427, -0.033588540661683354], [1.3632866405388526, 0.23317167640539097, 0.25188614196073283, -0.14682020635599116, 0.8741787223975983, 0.03457232456617453, -0.0953890867603096, -0.07898164760619038, 0.24291568983020398, -0.1599104703935893], [-0.01438461346634042, -0.08811938402016697, 0.9930885853708763, -0.8039886183448937, 0.18084170867796365, 0.3118344088491056, -0.04749222018643789, 0.023485380991785938, -0.0002888526610118049, -0.01613539256552214], [-0.010574238698587627, 0.022590221061441797, -0.06756828080800333, 0.08880556953893501, 0.012523579449359029, 0.49350145787980915, -0.1658235297992674, -0.230563571363398, -0.12516549352839174, 0.03956770267410454], [0.04976062409899732, -0.028779934735235803, -0.08539144501944898, 0.2174326142235952, 0.05460889063147029, -0.07957264551928128, 0.2559405990279335, 0.6390298888251278, 0.6784516139350156, 0.019779148339126727], [0.037028173573943654, -0.08367340155828165, -0.04929805239605566, -0.00626462443034163, -0.016195472259834923, 0.35593453699655647, 0.23130600317657354, 0.4781975630169892, -0.0898330587668273, 0.0006466896215933728], [0.06843052991249905, 0.06691180244330283, -0.032122819843971806, 0.1301400132463423, 0.008884397667236086, 0.08075127920237103, -0.10511542834759821, 0.04931903977024374, 0.3537199662322449, 0.4419792537620388]]),
     np.array([4.739270811775669, 2.648988131219823, 2.2707168641589224, 3.511729594300121, 5.453289698558217, 1.4828250711473234, 2.451557390495667, 3.008279452587198, 1.3627535426424169, 1.9148726219482035])),
    (np.array([0.9720311880958081, 1.590380558347594, 1.2116013901883222, 0.6827169355016428, 0.4556919346726898, 0.22441255290137774, 0.9498680978145798, 1.0808227461073912, 0.2749259669368128, 1.3692438479977416]),
     np.array([[0.5089987702451712, -0.025633419123530468, 0.4485112533907674, -0.7083427422655191, 0.5437666680460991, 0.5597419789557427, -0.2052516517236825, 0.1307422833035182, 0.01580332164524586, -0.040858029420424914], [1.0744649571613551, -0.6642688193743026, -0.2544597171425757, -0.12636337816566837, 0.21115918399325537, 0.008411457939137052, -0.1459523052486634, -0.10326669899692062, 0.043599355684199696, -0.09587732196458526], [0.1674905859777727, -1.0146181054702401, 0.7104554190270028, 0.10362267769957835, -0.06834741502379446, 0.3707701661239069, -0.10138997445350176, 0.008056351297758911, 0.06056811347914702, 0.027714552642821858], [-0.5043914004416671, 0.018657935733230095, 1.3592804198554478, -0.7911289786235962, 0.3050974662302026, 0.3547527034875788, 0.04950275789193517, -0.1151001488808999, 0.11930438424640998, 0.06599072294119396], [1.3877285501210843, 0.2661782726277274, 0.1233627613406629, -0.17298193893518996, 0.7643851508818724, 0.1189433037047209, -0.07759570002988943, 0.046978101873286465, 0.04122013886218321, 0.038616443082204695], [-0.0792054285997421, -0.08448863341168492, 1.1565816330709735, -0.789249657774138, 0.11040755950852053, 0.21075497815130076, 0.017578215061028458, -0.006059304980355702, 0.0025264989205977416, 0.03959936053577827], [0.06438372728067054, -0.03088645252795405, -0.04809604060299178, 0.22507981014361295, 0.048056500086226445, 0.6605604118229211, -0.16725029686034026, -0.251978749688071, -0.1310314961453279, 0.04930785041928949], [-0.15457756405653877, -0.08859422990681941, -0.009034000098816272, 0.03034188586232144, 0.20156235817624862, -0.12633509689720124, -0.05793523843024717, 0.656350527152018, 0.5210701668162975, 0.06535775928649995], [0.027229970184066758, -0.021456850473874557, 0.03551975054794636, 0.030486982256553222, -0.08048026450506447, 0.2033064538230781, 0.1962374303979032, 0.5051852303352284, -0.1018278159560543, 0.05238124085817425], [-0.17667320296923217, 0.2905152603266398, 0.04864295697811795, -0.016794010728995404, 0.03736194240184774, 0.1171840277189239, 0.14578188964138056, 0.12707320016901283, 0.5452995889628572, 0.5988933112307527]]),
     np.array([5.396510615752016, 2.8830683591484805, 2.30073542772047, 3.6346390974558833, 6.205217082839672, 1.6875019526642887, 3.0169074106779896, 2.6039088228854, 1.4851946727343552, 3.032074371179495])),
    (np.array([1.0755902739591576, 1.4076151227213194, 1.2238779836414715, 0.8816612451327349, 0.43187507073509834, 0.2743438507669031, 1.1254762158065714, 1.11289735123534, 0.4650696689474319, 1.484739238168193]),
     np.array([[0.42959980493994165, -0.16546024613392882, 0.15189372629543843, -0.8053768427169155, 0.5733170918636327, 0.8951065829985704, -0.2028264828230882, -0.046240204653778115, 0.07535889597569796, -0.1628482442843989], [1.1248621837203006, -0.6595560854744771, -0.5089927751025926, 0.11637824155164787, 0.16395223183817806, 0.07612544288342998, -0.21112454757185223, 0.022955845317451793, 0.1044252856582242, 0.012508698300228013], [0.1000502240439094, -0.9228681402479402, 0.8637630108074588, 0.09659576514554127, -0.06626767042981127, 0.3661170012115305, -0.059041411378396066, 0.01277720290153108, 0.003101972635023241, 0.012136405833678037], [-0.5093982762785145, -0.03526914590717764, 1.1375826645574316, -0.8282547870185224, 0.17734773507324353, 0.21820526789185077, -0.005946766725463343, -0.004250627712812096, 0.09057990899107068, -0.07460397203918924], [1.0830955368377913, 0.2016974141828592, 0.14123946427954995, -0.1843926628798268, 0.6572945408178098, 0.11583689340680775, 0.11079299298852852, -0.021022131411074358, -0.025201088201906214, -0.015100854330277882], [-0.09101290898481224, -0.13811429730352753, 0.988300135703754, -0.7532310599922541, 0.1040819383216895, 0.24661174201267771, 0.07505140585699728, 0.03861516882473032, 0.0032197523527536303, -0.006733141208619286], [0.06826904674016464, 0.0772313301153714, 0.030301036015911827, -0.0019297136520628978, -0.041250057105169324, 0.35777911593044864, -0.09755987635840452, -0.1729467606696111, -0.1869005154499685, 0.027509234469372548], [-0.062444212878959085, -0.0753402800328085, -0.17272754134119903, 0.030275878389571964, -0.12485680771248098, 0.03668436349123135, 0.03640577168131523, 0.4981388142010555, 0.33718159197243525, 0.023818335053363254], [0.009898763373259904, 0.13857023341345726, 0.0809835553395004, 0.05911198596670243, -0.06913771161432036, 0.13154839717868974, 0.16073755367454057, 0.5522424354486042, -0.21270206690818508, -0.04020926506094918], [-0.02547983501959937, 0.056591412303301974, -0.050383489251489576, 0.07439645163300515, 0.01588168665987108, 0.1124061584503231, 0.16413878938326282, 0.11735758352971379, 0.17610160093738847, 0.6229947527315358]]),
     np.array([7.410821410899528, 4.364019789255318, 2.4613805133754787, 3.571286986533134, 5.490804524679987, 1.5149150947515988, 1.7070889540226175, 1.6336360463741468, 1.6430769706551616, 2.583114426185836])),
    (np.array([1.142822311097578, 1.2244873527820888, 1.119275343892118, 0.7684286110826342, 0.45592027999274665, 0.25657287371473764, 0.9918217577915257, 0.9695339198171248, 0.5075791788554052, 1.4071002167824458]),
     np.array([[0.1730487575510217, -0.17561796747756572, 0.15496085748174013, -0.815144205605474, 0.41307848278279335, 0.6925894780095918, -0.029623123895709393, 0.009989286471293204, -0.3167135137746324, -0.03320190793335144], [1.0765256323138612, -0.6707390263140499, -0.0017472912523207333, -0.05236128964251395, 0.09418755327960443, 0.04388931723933736, 0.1642336957043116, 0.03183942760064887, 0.03904807135072519, -0.04449856103990754], [0.3576718716559123, -0.9815582416388388, 0.6807765851104384, 0.08866055317894524, -0.048997819246217135, 0.377518442539973, 0.02362777710342612, 0.0403361915948276, -0.07106671569772526, 0.006802227486690954], [-0.2855988488890747, -0.042388217285918336, 1.3944396558254895, -0.7027908279154007, 0.2745668924700901, 0.16059472865693353, -0.17951930956603232, -0.006437209052273412, 0.07198634468204147, -0.09530024438713072], [0.8053244386699662, 0.24480805153879018, 0.13569092662088714, -0.2398544502988201, 0.6950361449353465, 0.06370588271455657, -0.07641748165738689, 0.03016696531338016, -0.042916168852445015, -0.08848653512066085], [0.01754802373100277, -0.09701071160087464, 1.075710612419187, -0.7728823264656395, 0.10269147249057245, 0.2478511993610387, 0.010719238806657936, 0.030888093684003057, 0.009087397558785805, -0.03851417695071339], [-0.04289541728930473, 0.052805041631396016, 0.053992342399274515, -0.025062383566312848, -0.029955255646125396, 0.4125854877179082, -0.048898898848041994, -0.1017577467205424, -0.14296293636693602, 0.003972292821668109], [0.009232765655686462, -0.021182181772966865, 0.016022966822029864, -0.06843040883135447, 0.10762142316874306, -0.08071281937854517, 0.08114388955158595, 0.5125351763393903, 0.6774815150437491, -0.08892600100436086], [-0.07678284178931419, 0.017305472857481564, -0.04881507398116861, -0.09172982308752083, -0.019695407857970103, 0.3463905411676914, 0.28112123312941445, 0.5133275825718983, -0.19219765207462114, -0.005105963581942683], [0.0434834667795113, -0.0995645832552834, -0.11660245356348058, 0.35280928815259605, 0.04678610118609507, 0.038893717314898, -0.012440401229528868, 0.025986692712296727, 0.4678815892610626, 0.6891300481678311]]),
     np.array([5.072985974059629, 3.5991774264832315, 2.4582561771349334, 3.478400786526294, 4.365603011752116, 1.5762569035482337, 1.9542126346568307, 2.1346509425187246, 1.6490331338950972, 2.901110873453985])),
    (np.array([0.8445313675583366, 1.4134924457165061, 1.176154071776262, 0.7278086009203467, 0.5367133159006444, 0.21230203693319794, 1.1675670851045854, 1.106867298021377, 0.37008833010450126, 1.758711870681777]),
     np.array([[0.4762159687960772, -0.00334284352936795, 0.3268868878252684, -0.8551808827450288, 0.9116897821104155, 0.6814036816450837, 0.22216115117283164, -0.08911144197432189, 0.034562239287076836, 0.13004583757264299], [1.1927052317521065, -0.8715802408517657, -0.2804299813815041, 0.09715637152445206, 0.21355369106777977, -0.30251045199175, -0.07286939949299226, -0.07823842007489112, 0.2044286840370817, 0.07993847135665112], [0.1828790583648228, -0.8518856451103282, 0.6489782992837579, 0.07788442580823506, -0.0706327924533045, 0.19657291634800528, 0.07922892036368673, -0.12475162828798782, 0.19592789837221372, -0.012879266942126148], [-0.3379066434647533, -0.029528006074503836, 1.0251183857153927, -0.8200517021077567, 0.06769255803017024, 0.12626802672279477, 0.12728803638005784, 0.08202631053777265, -0.06727731841180977, 0.014714205770305602], [1.3776313316490598, 0.1296387021360565, 0.19984601434958865, -0.38281382066888225, 0.7654303556307239, 0.13841426570496188, -0.10541951813309217, -0.07054274740389381, 0.07446128801459316, -0.05655599717539234], [0.04081190757554372, -0.07070943507164308, 1.0240924983755983, -0.8139511807282954, 0.07618795925429399, 0.24802148240718586, -0.006324176476472703, -0.014737135434246967, 0.01092092955022816, 0.029489945813031587], [-0.025542469829431116, -0.06518145155175521, -0.014913665924901452, 0.010665304712194724, -0.11650792087319908, 0.5758368883266375, -0.07570032019144861, -0.16745341759584206, -0.16366911559442848, 0.05165734506763764], [0.08497830998799172, -0.09688219746403372, 0.07118720163391999, 0.000962610192434622, -0.04896401435228972, -0.11941204693314947, -0.0056546774641310395, 0.5394079701621186, 0.763241644245546, -0.03272970577019414], [0.01074400866672639, -0.054203787049672804, -0.006112489401680285, 0.0357020765843681, -0.02781504263751192, 0.27997086449172737, 0.4290894138181215, 0.5246307161442125, 0.02367695980146205, -0.057570340495524897], [0.12116973461856631, -0.17151245184869587, -0.060406273231528, 0.04685678911776782, -0.10521087452828334, 0.06325313746513142, 0.05927429845808919, -0.04792385406312779, 0.24894648971867647, 0.6452790956356886]]),
     np.array([6.484334389413571, 4.434667683631913, 2.035203998034515, 2.7141407946792295, 6.812229597111569, 1.521898275750615, 2.5075862005481664, 2.436866023634036, 1.8932548892087522, 2.8173392225756526])),
    (np.array([1.153323692141266, 1.427362839838802, 1.2031246099831816, 0.8469416343445677, 0.5035280476428262, 0.23602598710733305, 1.106730991687021, 1.2751295052200822, 0.47986151968804436, 1.5925511767552758]),
     np.array([[0.7142781105583411, -0.16112850775559912, 0.3439703352682748, -0.8456401339264232, 0.49662854428833053, 0.7919591694155279, -0.2733913631924319, -0.2137869184615631, 0.003641740943858922, -0.055861551835178005], [1.0011117301981975, -0.6236029396332254, -0.2575269514122487, -0.02159477468373613, 0.1479113000118405, 0.044008138192761545, -0.0013820210177860216, -0.035260228734802446, 0.05587758511016584, -0.041574220966160924], [0.276980910265784, -0.9192089040350891, 0.6593301516066616, 0.025396052383813233, -0.18314270464568472, 0.15334582092049634, -0.06440312851361753, 0.038196585530981514, 0.017801640841666137, 0.038778824114875786], [-0.41443668057192484, 0.04052321080726153, 1.2415812788447183, -0.9002421234591802, 0.15667382895600573, 0.19492305416014938, -0.05893828715679284, 0.031551387852609164, -0.09932879281204862, 0.01072803842624572], [0.9578249589342084, 0.13513323800727547, 0.053789321759206775, -0.30701707190419997, 0.6772639576573923, 0.10383096999403345, -0.0933255123854904, 0.0719592015670533, -0.022015450886229686, -0.0378193721460276], [-0.003430769045519731, -0.14057673324801537, 1.1812441657740966, -0.8117536474685224, 0.08420546208646926, 0.14685470005534373, -0.000857423103264009, 0.0280327261487471, -0.0009342668187623172, 0.008502608946012125], [-0.09315953554497, -0.06224505699191641, -0.030530031161194716, -0.024255549190803163, 0.04545167570690697, 0.5109225949395486, -0.015225635595127154, -0.2725220904819292, 0.001599269763515071, 0.027940302379070307], [-0.018055566225949653, -0.1212752278011765, -0.03403837834650839, -0.13801772683081145, 0.021671422579855, 0.10904087445848325, -0.13409947723396545, 0.4048508212603903, 0.4609889401661573, 0.021320824000870084], [-0.022964852496900473, -0.11072647392239045, -0.01849160782658745, 0.07660708870274038, -0.0431204070791841, 0.3475215018601148, 0.33572031626066584, 0.5557625710977313, -0.026171516117551828, -0.0033813204591077897], [-0.17600636160340175, 0.12030820070570929, -0.01886383180530341, 0.05731744058064518, 0.1501223157022142, 0.1367556008361136, -0.02379023488477828, -0.09298107647455905, 0.32915844789301435, 0.5301939930601426]]),
     np.array([7.799618109281358, 2.9264063620209924, 2.0596351081034174, 3.1211105993527335, 4.272989044472513, 1.6073053207576125, 2.388604310370709, 2.2069471465245343, 2.2059641060883735, 2.4459292290083603])),
    (np.array([1.0421766618870585, 1.3534679402416638, 1.2791569767855777, 0.758843517159906, 0.31905076628912216, 0.36846792018833247, 1.105844150269308, 1.1341633903338009, 0.17563672848163028, 1.4063105689387914]),
     np.array([[0.2537302788280032, -0.02634582839863659, 0.31151580304651383, -0.8467538371954595, 0.31442345079981476, 0.48070633291033577, 0.06951040670399879, -0.13784579339487305, -0.017260350924726647, 0.08849965298822929], [1.0294819888821414, -0.6485178582268082, -0.07917884135715002, -0.12079197083538346, 0.30836792051675144, 0.0012230687482259112, 0.06685927780931848, -0.04758420137566537, 0.06687002076738977, -0.04800772110145374], [0.23542193927238186, -0.9328480484542959, 0.5373362533234664, 0.07462548573255696, -0.1134475206477139, 0.3360502422886056, 0.011559938858719936, 0.02915539324059036, 0.021096212841541458, -0.027566400640255107], [-0.46591563618625736, 0.09055607866474175, 1.126295494122746, -0.7840191375328122, 0.11399315783146745, 0.18848952764792637, -0.11693472676325992, 0.07908252749569657, -0.05234225886922319, 0.098277987598559], [1.0646824409772848, 0.1221303468940413, 0.11751887796338152, -0.2485778010676967, 0.5280072851901884, 0.07744151039491173, 0.01818672880429751, 0.007598870349309175, 0.05376592619491872, 0.013587965532293708], [-0.04771907335465232, -0.17648870428646318, 0.9946966668763759, -0.8104834223982544, 0.03755480233600021, 0.21011295499954913, -0.021588339604255706, 0.029503864890614226, 0.018841262581424666, 0.028387368105571114], [0.032243544355746355, -0.02545034706559205, -0.01041041416409104, 0.03655310644292535, 0.05583883233769372, 0.5804992697298265, -0.11613088084346052, -0.25213430778427764, -0.12638076883926005, -0.006712275249158332], [0.055764662646621305, -0.12086159876076039, 0.048534738125432776, 0.08648121900089777, 0.03715206244262785, -0.1415121572718038, 0.09785615932058353, 0.46195433945683895, 0.38165803748147503, -0.1140837067638609], [-0.028531992234926418, -0.03529123702127706, -0.010701200892913942, 0.07746020391076786, 0.014385308207617697, 0.28020187214487186, 0.3747711375394653, 0.5172303113594169, -0.014416210110544449, 0.02657080983755082], [0.04331497349298479, -0.01938342514220895, 0.03971215584367012, 0.25483368330157563, -0.04057745990557498, -0.11225559903223262, 0.022488266861658012, 0.03596665365362645, 0.3869881116492219, 0.5079063435933304]]),
     np.array([6.082855446761384, 3.445465261912262, 1.8945693028478365, 3.339820194254154, 4.0716871979278695, 1.3826811596140642, 2.8569823172525717, 1.8009879831784041, 1.6016406841463415, 2.1569076851794273])),
    (np.array([0.9343913287818721, 1.2260387822910779, 1.1416309630438657, 0.900136960732399, 0.4657893205857932, 0.3308200228265562, 1.197836503993315, 0.8940857027898762, 0.2274167959667944, 1.4048702676593636]),
     np.array([[0.3000855668101132, -0.059669689165114795, 0.16707932657202154, -0.7576050755805869, 0.5137238964257114, 0.8195348955220647, 0.12298076928452338, -0.034037377794103964, -0.07106447258446298, 0.14315187818831818], [1.165943545355171, -0.7631285481008273, -0.2530200107242434, 0.012083527526362313, 0.2496314841494804, 0.007197614488334992, 0.1187540583349517, -0.04717447688718663, 0.2009623000373091, 0.1586097179690046], [0.06548592759111906, -0.78465415763452, 0.7089762821649245, 0.06874403414653192, -0.0076267161376891825, 0.2964152205535207, 0.05812190404869361, 0.004936790724706516, -0.04451936023031833, 0.043252979919836065], [-0.48761321434429666, -0.12499989937959609, 1.0950598477964908, -0.9498662025016722, 0.1650362757849847, 0.28248910245299097, -0.05894751939107843, 0.06466281539347751, -0.04961608641125309, 0.017435902023987798], [1.317954424562128, 0.36522419812743767, 0.10320003468481695, -0.21888708086099437, 0.745497145419118, 0.030028762164821098, -0.16772887349842125, 0.02326127526362151, 0.09253217881147602, -0.02625982397487393], [-0.00878879443302184, -0.11668011280107284, 1.0800481809858051, -0.7717858206581176, 0.1182898955384622, 0.11727553990719697, 0.0348472290837092, -0.019572580562310368, -0.012197582912164134, -0.006917627731863083], [-0.07119334685107777, 0.0393505384240773, 0.05582860836528158, -0.06624753100029901, 0.0010676798240481472, 0.4608395453506713, -0.08661672304092194, -0.2040974725068952, -0.0603272262210126, -0.013249046946646543], [0.19558601204767517, -0.06338461514149704, 0.08456862746961359, 0.06423183198478374, -0.10812917089529023, -0.07352836280099509, 0.10025791271316446, 0.655690059743848, 0.5448390620276067, -0.036840075886957244], [-0.048346236236074154, -0.026393974559418627, 0.04604407876027732, -0.04947401434797417, 0.04490940660080523, 0.23278922604157562, 0.31871184449566586, 0.506600061731183, -0.03875525325199511, -0.001831262523487123], [-0.04280578851412981, 0.038090312450204694, 0.20243862579266103, -0.15232615358040372, 0.1202363507110401, -0.1047871562657654, 0.1099559829089676, 0.04331027993362942, 0.38109130695702237, 0.5457751306723589]]),
     np.array([5.884400356157854, 3.2268934117168038, 2.046141645081628, 3.378795378813191, 6.755231281599099, 1.3914169683750952, 1.5294910006894447, 2.3120063167790788, 1.4633337486107936, 2.602693169738196])),
    (np.array([1.0476356483019607, 1.0508344896399147, 1.3423028847340819, 0.8119830234333378, 0.30046178070386864, 0.20228550492506703, 1.0213632453078063, 1.0675301415558984, 0.6383588832747935, 1.5080958206852013]),
     np.array([[0.4716314603710923, 0.27756611288267635, 0.5687196290772614, -1.0530834420906994, 1.1479793054630412, 1.257565632792745, 0.008119785632798603, -0.16559923140019817, 0.03447347690984182, -0.05544446111083808], [0.9414809234397153, -0.5278621069623398, -0.24106061489464833, 0.20683294126373106, 0.0465842615612972, 0.16311585499864178, 0.007987431356653592, 0.014085919125139918, 0.08658299278603869, 0.08814184261831953], [0.10624774306559479, -0.9249314531319827, 0.6038931536223292, -0.09234828181359159, -0.13844554257491526, 0.26905843067115637, -0.026566046279672587, -0.02004127353708446, 0.11295552599488619, 0.0512564924102135], [-0.38947029626044777, -0.11286011922558864, 1.0598186312882805, -0.7081213504694914, 0.16093578611132067, 0.17447202000925377, 0.06122788220588102, 0.02015903873450254, -0.05854582789108002, -0.03508188052303119], [0.7611469782868358, 0.18126000355696495, 0.06075110717778355, -0.19200514946764824, 0.6974912520410848, 0.14793348662803166, 0.018573372248583665, 0.06993598258553359, 0.027059471705160824, -0.03914951158277976], [-0.01591306400085145, -0.12030120341872338, 1.058252258843323, -0.811951563019286, 0.1028922165724367, 0.14653822560230761, 0.0850631181595313, -0.004366451396742276, 0.10102039074546305, 0.008932442840320432], [-0.01680553625528754, 0.05832397073333167, 0.03808294595106581, 0.08001935609383212, -0.02054246712805715, 0.31278958651072264, -0.07346403389946998, -0.21202074799861134, -0.10064331693844031, 0.07149011745095883], [0.13855553418631478, -0.04884976265875495, -0.04113167262169683, 0.19436314876035204, -0.10582509594101107, -0.02597670216934456, -0.10051825156714177, 0.48266577669223115, 0.5699250775517953, -0.07524208196990494], [0.09964314003417171, -0.12373337559704499, 0.003874749147952876, 0.17988152027146478, 0.122421389078759, 0.21670614124318907, 0.21001535379370254, 0.4536823920571214, -0.17405025112485226, -0.10275096365333959], [-0.14813656840289308, 0.2197427666734616, 0.2747468588867247, -0.2982477300784981, 0.14717669853111226, 0.11761194889566493, 0.1475525826651123, -0.03903060384150943, 0.38034798255385244, 0.7237156648596419]]),
     np.array([16.231950528889158, 2.2622664984543754, 1.8772958331513032, 3.3171294660465014, 3.603199959527741, 1.4941276764311373, 1.6259757897243436, 1.9938733051731437, 1.8742149226505016, 3.89282594402352])),
    (np.array([0.9681420345387186, 1.258189479916637, 1.2749974992256854, 0.7476386331673605, 0.35240377405446305, 0.25300410625893527, 1.2320985967298503, 0.8712881179898869, 0.28267687469008157, 1.781148399280278]),
     np.array([[0.706839469580386, 0.04836508561588386, 0.18547175243297517, -0.7452750297434203, 0.5579286026034193, 1.0948479149768584, 0.6538240433040827, 0.13405189179744284, -0.23196945628504617, -0.05847104019424303], [1.0797471875539115, -0.6336475010363812, -0.2355849212944697, 0.15948621682624423, 0.13507777879287092, 0.04863673084731078, 0.04192785817601005, 0.10646004375532599, 0.11975804318535711, -0.08377415884023875], [0.21067557728681494, -0.9462810292968049, 0.7758918179449005, -0.015604327141807239, -0.02426152856617516, 0.16094376874272553, -0.09881939689564759, 0.0036903745045646537, 0.020923770379705473, -0.014834873753176976], [-0.3451637988261651, 0.0964740723214446, 1.3196463931265763, -0.8779657011799235, 0.21400044851002262, 0.15419323114623054, -0.11767085714792776, -0.06687223305251869, 0.06693767724645706, 0.029760549371818858], [1.0335109334014843, 0.11127905158826905, 0.2938905619122636, -0.13029507190622883, 0.6579221226845076, 0.0009375625671589098, 0.19080122479371975, 0.06254085861872613, 0.02469199189532666, -0.022834915890581804], [0.012491826315815361, -0.050514635973651155, 1.0256635349302623, -0.8860315554626393, 0.046627739088121595, 0.2235255874687874, -0.010460722610007318, -0.05784496158928588, 0.03725718716469692, 0.024037540586636187], [0.006443593497030971, -0.048746873070131466, -0.05309506947932364, -0.04174995618404171, -0.10881553962480209, 0.5607908003184701, -0.18498080784900273, -0.23528224484118707, -0.18704319650853787, 0.07230302445562124], [0.11348342737216664, 0.03789972195214268, -0.06296291453463874, 0.090668872380349, -0.015571074589461619, -0.05512344552594985, 0.007091850027160342, 0.506585073443878, 0.43587361402081637, -0.03529194387036361], [-0.06295155777904274, 0.007873235134487415, -0.027402559217280503, -0.08307643761763914, 0.06800262474105825, 0.28340909426509353, 0.4023496673780711, 0.5025709457579521, -0.2040436835833857, 0.0005025873973112472], [0.002250388462322064, 0.09832917805222552, 0.03356479149050663, 0.14241296577231297, -0.10038299314269275, -0.006183891774847498, -0.3432339931314165, -0.2240620072660564, 0.530975775063786, 0.6314617549966262]]),
     np.array([10.177802334387508, 2.6304878388676354, 2.174081532452655, 3.5070341880976406, 4.7671195485320546, 1.527927379884375, 2.3248209340635473, 1.7262570712955223, 1.398693563722393, 3.0090423255094647])),
    (np.array([0.9260563234699946, 1.3257888404285165, 1.1862750663286605, 0.8003419667258019, 0.48120497602989454, 0.350467668291901, 0.9949569921061436, 1.1797356856362107, 0.2755298924439536, 1.7575223567868206]),
     np.array([[0.486776962087413, -0.09098192899173446, 0.21224624274664572, -0.688182725865326, 0.41763484259142686, 0.7488861096013301, -0.02625912136515618, 0.0383446820917181, 0.03136222012895521, 0.02645017498045355], [1.456636548731773, -0.5432583561012362, -0.025519663477502473, -0.008766478745229622, -0.07536885983593883, -0.15696276702197504, -0.15961939268892125, -0.040507271496061925, 0.015017076723614534, -0.049757809426886054], [0.18891199329468916, -0.8963285021811528, 0.6930626197520682, -0.05755302768690892, -0.02576868080879142, 0.3059444189374722, -0.052706499439645546, 0.05076030432120668, -0.053008980646165764, 0.08976746956777458], [-0.3708124796973769, -0.030668352255717655, 1.131309052206708, -0.7856773061497371, 0.3160811278374381, 0.22107724990082828, 0.014388209055901926, -0.019889444070179885, -0.08862908414691642, 0.04266725232571671], [1.1638473327032404, 0.3144545297052637, 0.024722435677001196, -0.2842563948374083, 0.824356750540861, 0.0421001732910223, -0.03646286753124753, -0.009847302417362362, 0.05143574451960621, -0.10685832462806016], [0.01848113844972727, -0.14863156896564722, 0.9237462067213442, -0.7869125943847802, 0.07929422730869501, 0.20429685431592354, -0.009532835118324113, -0.004659083727159621, -0.022804969898977685, 0.025334003314382153], [-0.004557879285807801, -0.016391694565620025, -0.06625625456333778, 0.03294669585967997, 0.1421996361004464, 0.48538955816521423, -0.12108990093079702, -0.16818437604396025, 0.0534989295547749, -0.022255235762503812], [0.10976596601235268, -0.11222246306362696, 0.0021667085543053445, -0.12691585521340032, -0.04816551173228295, -0.06116023204998735, 0.012398745868366522, 0.33844232248872846, 0.423661842327534, -0.002868050491524275], [0.00539565672502659, -0.03209898247535858, -0.008497907918771168, -0.02478029667790088, 0.020626206824605312, 0.41361470302020575, 0.20482982237364414, 0.5053477214465021, -0.21152559383993436, 0.03695676337190777], [-0.08973542436125731, -0.06710336865620598, -0.02741683512305029, -0.06782910819664063, -0.06003803673863651, 0.11858888142534374, -0.12251658376074277, 0.04418393957296241, 0.5026554434223512, 0.5898308442247441]]),
     np.array([5.237445549668814, 3.9845555957366647, 2.1207716766968545, 3.3194668569891626, 5.5910121821857865, 1.3360841355864101, 2.5591343485323943, 1.7128664791955983, 1.377359681802949, 2.853594830555481])),
]

hp_hp_final_estimation = (
    np.array([0.9827166031585609, 1.3413538873784545, 1.218663718203197, 0.7860893693895251, 0.42089894415189827, 0.30503472699385487, 1.0959761176520142, 0.9812806857827004, 0.31777650198328494, 1.5022477074206406]),
    np.array([[0.48363014291493717, 0.0, 0.26492866169443674, -0.8189485662893957, 0.5650923923627836, 0.7058681589210113, 0.0, 0.0, 0.0, 0.0], [1.0188578180496248, -0.6114024922831783, -0.19389575540558515, 0.0, 0.18946377993210953, 0.0, 0.0, 0.0, 0.0, 0.0], [0.1928227542637261, -0.9094550089137994, 0.7055889531215898, 0.07416918183119785, -0.09109151177341929, 0.2923590958236662, 0.0, 0.0, 0.0, 0.0], [-0.3921593839883848, 0.0, 1.19222190299652, -0.7933552520931371, 0.2051642638059285, 0.21800597572958222, 0.0, 0.0, 0.0, 0.0], [1.146275194586844, 0.23020497848857538, 0.13717668361775143, -0.20411117004572696, 0.7621010988814804, 0.07205428175485104, 0.0, 0.0, 0.0, 0.0], [0.0, -0.1121304119462183, 0.9979095579799085, -0.7839297556577507, 0.09453415718993938, 0.21190072266684243, 0.0, 0.0, 0.0, 0.0], [0.0, 0.0, 0.0, 0.0, 0.0, 0.5136643119404284, -0.11699392875696953, -0.22115146191334242, -0.08823823511171407, 0.019801377298175892], [0.04032786201804811, 0.0, 0.0, 0.0, 0.0, 0.0, 0.0, 0.5212626236156302, 0.5324397286608432, 0.0], [0.0, 0.0, 0.0, 0.0, 0.0, 0.29968992555883306, 0.3081715874506444, 0.5321954618935778, -0.10176356878391732, 0.0], [0.0, 0.04245585832596355, 0.0, 0.0, 0.0, 0.0, 0.0, 0.0, 0.43324780087174, 0.6196544428270827]]),
    np.array([6.398002189217098, 3.055148412542481, 2.2107817284229254, 3.482513810719521, 5.463160491862366, 1.4361481585353664, 2.508200670597632, 2.111643301266972, 1.6923853581691275, 2.589032611197003]),
)

hp_hp_interaction_matrix =   np.array([[False, True, False, False, False, False, True, True, True, True], [False, False, False, True, False, True, True, True, True, True], [False, False, False, False, False, False, True, True, True, True], [False, True, False, False, False, False, True, True, True, True], [False, False, False, False, False, False, True, True, True, True], [True, False, False, False, False, False, True, True, True, True], [True, True, True, True, True, False, False, False, False, False], [False, True, True, True, True, True, True, False, False, True], [True, True, True, True, True, False, False, False, False, True], [True, False, True, True, True, True, True, True, False, False]])

hp_hp_pvalues = np.array(
[0.8345773788658377, 0.621021303168463, 0.5167639730084559, 0.4885909712708604, 0.6073705751837091, 0.9603316796509407, 0.4272689285452793, 0.5811355759330343, 0.33213486184306773, 0.7066726888920815, 0.857423553362878, 0.27651926375630664, 0.904926008285441, 0.9739811761723378, 0.5709754157440468, 0.9740141784949463, 0.626721078337146, 0.7941066463911113, 0.34893760532463725, 0.9422353844447933, 0.833604883504083, 0.4757103171093875, 0.9437566710477601, 0.31127712443171085, 0.5484377552105564, 0.5242831954894656, 0.5857462826340517, 0.5069246589794605, 0.2628348548626086, 0.1570591964236896, 0.6538862405685559, 0.32239309071073563, 0.018449071372333536, 0.35829039970358056, 0.625115316757147, 0.4750216838806114, 0.8688992632312245, 0.20822983852168586, 0.7754544090591247, 0.3206077463761855, 0.3362648796419103, 0.11485741574597796, 0.4401381816630804, 0.9275008488183257, 0.4157342037351075, 0.7646322636143112, 0.3719285282445376, 0.8277885079982368, 0.8408588598170158, 0.7632421834499505]
)

