vm_gvm_estimations_step1 = [
    (np.array([0.6204530116117813, 1.0776308117094242]),
     np.array([[0.4406024929380891, 0.01976916839462616], [-0.6676687320712908, 1.2172166283053376]]),
     np.array([0.8889468921179181, 1.9046494887956322]),
     np.array([[-0.12095136915296187, -0.036772255382898265], [-0.218093173555804, -0.06082030277063252]])),
    (np.array([0.6455964602488891, 1.0231101265830755]),
     np.array([[0.2222530577066668, 0.018724977076829977], [-0.6707316623761804, 1.2709984311074318]]),
     np.array([1.2554226136417173, 2.0922545371815193]),
     np.array([[-0.058801660730340356, -0.030510445311464678], [-0.16989796895200365, 0.12965152193349394]])),
    (np.array([0.6789076231639122, 1.00175223590281]),
     np.array([[0.16617394847592548, -0.006474423236392962], [-0.6150645152214567, 1.213149272598216]]),
     np.array([1.0051021301895406, 2.025837971524017]),
     np.array([[0.00015850730189065893, 0.005924482530884255], [0.008414960727975295, -0.01985644399475764]])),
    (np.array([0.7499350147677067, 0.9915053572316027]),
     np.array([[0.32484706302331207, -0.04922813701865029], [-0.5829280190871551, 1.174596662529531]]),
     np.array([8.409070646050864, 1.8597936958227264]),
     np.array([[0.8552689330809924, -0.12848411444979446], [-0.21167454341101863, 0.032252360735093334]])),
    (np.array([0.6985598761297604, 0.9819656088431765]),
     np.array([[-0.00802861538432761, -0.029276536627376157], [-0.5473198074019981, 1.2936430834740047]]),
     np.array([1.3727053979477355, 1.7809251305975895]),
     np.array([[0.1066483789791285, 0.1004244195472742], [-0.1859056121614459, -0.035116132213874385]])),
    (np.array([0.7275464714459856, 0.986441737376672]),
     np.array([[0.6512047315790978, -0.010767135810658466], [-0.6185298112629832, 1.2976665566510288]]),
     np.array([17.24917610948878, 2.2158907568374513]),
     np.array([[-1.0511208608998137, -0.36651593745775707], [0.14507857579817598, 0.06645558514729956]])),
    (np.array([0.6857050986880869, 0.988953835510958]),
     np.array([[0.34290815210627207, 0.06376681236156354], [-0.6181030610592307, 1.353413724107755]]),
     np.array([6.266526574051397, 2.0665777697399244]),
     np.array([[-0.30126143334571087, -0.03467001320327884], [0.12141740225171993, -0.13680820118494252]])),
    (np.array([0.7211127442939795, 0.959377417026608]),
     np.array([[0.10748481877555158, -0.01324062050677424], [-0.598051425779641, 1.1893952037562352]]),
     np.array([0.8202279315662344, 1.7924441608866721]),
     np.array([[-0.008630062263275128, -0.01604956251387615], [0.09773813513661753, -0.021306477841751457]])),
    (np.array([0.6820103050003815, 0.9674030350051348]),
     np.array([[0.11269063632786583, -0.04896823673568718], [-0.6322841147926016, 1.3346249409029]]),
     np.array([5.374929136624248, 2.0746270581370627]),
     np.array([[-0.34050563237029097, 0.45831989473271806], [-0.17642071017447503, -0.06723279505707652]])),
    (np.array([0.6162117911742391, 1.0680248000174668]),
     np.array([[0.010134990332150342, 0.019420838399122026], [-0.6410006054385116, 1.2438454306895435]]),
     np.array([0.6651924873710886, 2.241816873721967]),
     np.array([[0.06778008273925343, 0.06224549439015638], [-0.04454242674500372, -0.060428546282460506]])),
    (np.array([0.7141179678959023, 1.1080851678622856]),
     np.array([[0.23248439533577023, -0.017029066859513005], [-0.6486108140320159, 0.9687466098449804]]),
     np.array([3.278465915268963, 1.7837971757979811]),
     np.array([[-0.23256898050105373, 0.013237910760517972], [0.07739168470183343, 0.03561346020889131]])),
    (np.array([0.6667112541069224, 0.931131929184951]),
     np.array([[0.25077105028903623, 0.11704089326330451], [-0.5605593837750987, 1.2003814686199048]]),
     np.array([3.505798949067757, 2.0637836415020168]),
     np.array([[-0.08996902095357419, 0.21091698862432895], [0.045981676584254665, 0.08350735455451698]])),
    (np.array([0.7364889677494224, 1.0104019423243527]),
     np.array([[0.24465127942600834, -0.023956877762025458], [-0.6089610879393784, 1.0267148798074193]]),
     np.array([3.908230103955426, 1.9522678441150743]),
     np.array([[-0.33887723143443343, 0.06646990190599318], [-0.02335666252151636, 0.12480961638222615]])),
    (np.array([0.22500074380655036, 1.0253728156999482]),
     np.array([[0.4267275085164628, 0.024693027940941414], [-0.6621746672915808, 1.173029204208046]]),
     np.array([0.12420059705995624, 1.9736411371788682]),
     np.array([[0.013498006143204011, 0.006344981241324634], [-0.3262057555786065, 0.07369670791396699]])),
    (np.array([0.7090688074495471, 0.9722894653080895]),
     np.array([[0.2644888439982192, -0.029111992499535576], [-0.6185292909207117, 1.5500838009935476]]),
     np.array([9.337960558667218, 2.054233957075122]),
     np.array([[-0.027122430628340764, -0.47949519639980737], [-0.16030211376118472, -0.09866256433847474]])),
    (np.array([0.7349146795036522, 0.9642045670049716]),
     np.array([[0.10033947263335306, -0.11965284197749089], [-0.6078224941467247, 1.2436861244446296]]),
     np.array([3.6562526318628303, 2.1105354287417275]),
     np.array([[-0.0986351865256057, -0.06830822289731224], [0.14331788530612666, -0.006029209604262025]])),
    (np.array([0.6943900429357699, 0.999317332978514]),
     np.array([[0.21075812585817158, 0.05101413899312385], [-0.618823544330572, 1.309536903956037]]),
     np.array([2.8686597550317425, 1.9387598577316274]),
     np.array([[0.06182202765152579, -0.0656857991539317], [-0.0359541550599773, -0.08023917559214408]])),
    (np.array([0.7083631066735183, 0.9904037454580018]),
     np.array([[0.20430955231125614, 0.0869650418186793], [-0.6434836155675051, 1.4780966113810283]]),
     np.array([6.633365706813165, 2.1018329465462617]),
     np.array([[0.1772179344614077, -0.3907766030816151], [-0.26495521882571826, -0.150980839617882]])),
    (np.array([0.7124100729146727, 1.0467286331883785]),
     np.array([[0.15390571889789126, -0.06530912539766359], [-0.6567110132187126, 1.0920821889333123]]),
     np.array([3.013209376819103, 2.022367310590519]),
     np.array([[-0.11546616226858855, -0.05336250414080651], [0.11880933888264836, -0.015918457115650677]])),
    (np.array([0.7113543653428177, 1.0389185145933617]),
     np.array([[0.2428215873276066, -0.08061006102851234], [-0.6940182668422153, 1.3656617456245363]]),
     np.array([4.355595315885051, 2.372923201054965]),
     np.array([[-0.3136977975339332, 0.06215935178813874], [-0.06721724999302525, -0.12947438293619326]])),
    (np.array([0.656776776944819, 0.9949285316894619]),
     np.array([[0.46808705857878236, -0.025951066308016923], [-0.555489018343245, 1.0261285717562951]]),
     np.array([1.723062366260088, 1.921107863346213]),
     np.array([[-0.19227040555915384, -0.09618707124380117], [-0.01995913376679431, 0.10103088269972595]])),
    (np.array([0.7048967961652676, 0.9729351312465666]),
     np.array([[0.2639608753967321, 0.01768172024189135], [-0.5736208481084997, 1.2661396425626237]]),
     np.array([2.345277653022607, 2.155582620293335]),
     np.array([[-0.19636587167734645, 0.08581397309576907], [-0.13588636874627738, -0.037029982748320825]])),
    (np.array([0.7453818885345048, 0.9851702291700813]),
     np.array([[0.008857417288206043, -0.012526610560651106], [-0.5680808150411857, 1.0587800516715649]]),
     np.array([1.0437001295969874, 1.910216075008154]),
     np.array([[-0.003993633980034389, -0.011422157607061074], [0.04502678090498599, 0.04009466562676181]])),
    (np.array([0.6307871776114439, 1.0396569843192036]),
     np.array([[0.1661893494015615, 0.09769808026597566], [-0.6525247652827624, 1.1677923051709806]]),
     np.array([2.3426049417785038, 2.178692462387585]),
     np.array([[0.11017864502123295, 0.0007262951973284118], [0.006817466428362939, -0.014277569043992949]])),
    (np.array([0.6526778044721004, 0.9693452959235832]),
     np.array([[0.16499404846339766, 0.036415072835793205], [-0.5623724195592595, 1.352522897839624]]),
     np.array([1.7871989532366481, 1.7606048576677424]),
     np.array([[-0.020053032288498418, 0.026150035322688104], [-0.1234618324762823, -0.13495280571120785]])),
]

vm_gvm_estimations_step3 = [
    (np.array([0.6719144753859857, 1.0774665215582777]),
     np.array([[0.3491192507299438, 0.0], [-0.6672944189160499, 1.216912204906932]]),
     np.array([1.2179700033944867, 1.9033093490677706]),
     np.array([[-0.1676725091583537, 0.0], [-0.21757964383989944, -0.06076899242827301]])),
    (np.array([0.6661397068974719, 1.0231020699545432]),
     np.array([[0.16354282799470526, 0.0], [-0.6706627477646089, 1.2704441371887567]]),
     np.array([1.2058950772597097, 2.09179599288334]),
     np.array([[-0.05543306651099735, 0.0], [-0.1684972644623371, 0.1296878709972922]])),
    (np.array([0.6699400817724626, 1.0016267332884217]),
     np.array([[0.183358617147139, 0.0], [-0.6147876668621367, 1.2131121523232353]]),
     np.array([1.000695408373732, 2.0248389463898855]),
     np.array([[-1.2362533304786723e-05, 0.0], [0.008515851218324386, -0.01992439752413157]])),
    (np.array([0.7399153999274163, 0.9915355495033977]),
     np.array([[0.31241759995963003, 0.0], [-0.5829117959227563, 1.1748000778140038]]),
     np.array([7.495719712409423, 1.8594543304329696]),
     np.array([[0.7138242852120381, 0.0], [-0.21201720097784083, 0.03201266155323237]])),
    (np.array([0.6805912326882986, 0.9819877203117601]),
     np.array([[0.15636497046445616, 0.0], [-0.5472247791625067, 1.2931342821137255]]),
     np.array([2.297459973711658, 1.780167073977621]),
     np.array([[0.13798818702461174, 0.0], [-0.18517575735760683, -0.03509058583500712]])),
    (np.array([0.7268388727139452, 0.9863410980165921]),
     np.array([[0.6363815996826934, 0.0], [-0.6183658261641964, 1.2978530689418124]]),
     np.array([17.645388001124754, 2.215275147301425]),
     np.array([[-1.1254042147734573, 0.0], [0.1445764178673971, 0.06656220719748465]])),
    (np.array([0.6980140992892171, 0.988908970640731]),
     np.array([[0.31295087037897434, 0.0], [-0.6180483228124474, 1.3534191907684405]]),
     np.array([5.88943622208092, 2.066252241318905]),
     np.array([[-0.29847899388573573, 0.0], [0.12034518269081228, -0.13649855128262847]])),
    (np.array([0.610747749506417, 0.9531448130718924]),
     np.array([[0.09683201929395807, 0.0], [-0.5957556030672537, 1.233636515772756]]),
     np.array([0.18170483657977238, 1.7997464131052558]),
     np.array([[0.017442887046018336, 0.0], [0.10125554818413718, -0.04649742207525254]])),
    (np.array([0.6537201430668743, 0.9674218138727269]),
     np.array([[0.1938217177363513, 0.0], [-0.632216945989581, 1.3344429728388127]]),
     np.array([2.147972043561981, 2.0743381232745346]),
     np.array([[-0.11496046680111277, 0.0], [-0.17599535015794973, -0.06722425096171322]])),
    (np.array([0.69310328523471, 1.0680880993368316]),
     np.array([[0.1310968640748258, 0.0], [-0.6411394194807016, 1.2427339699216555]]),
     np.array([2.0059568594035095, 2.2428897401203796]),
     np.array([[0.14663818074206011, 0.0], [-0.04236777561163136, -0.05986231461755529]])),
    (np.array([0.7065940760463154, 1.1080055908820585]),
     np.array([[0.2453502840935628, 0.0], [-0.6485251505620891, 0.9689941691104534]]),
     np.array([3.229640661273973, 1.7836828963554707]),
     np.array([[-0.22593965396895233, 0.0], [0.07749434960300172, 0.03546776569645959]])),
    (np.array([0.683549048305412, 0.9311451001502234]),
     np.array([[0.23726637809406378, 0.0], [-0.5605428957651368, 1.2005388986107735]]),
     np.array([1.7263663800932236, 2.063929121530522]),
     np.array([[-0.012419829777369688, 0.0], [0.04604949400368871, 0.08341268526606685]])),
    (np.array([0.7280342979534918, 1.0103416901443842]),
     np.array([[0.2713093339551029, 0.0], [-0.6089611286949855, 1.02661615763915]]),
     np.array([3.734017627865349, 1.9524581120196054]),
     np.array([[-0.32748463684929086, 0.0], [-0.022144454156902964, 0.12476542117139496]])),
    (np.array([0.6986515101452996, 1.0252807530824526]),
     np.array([[0.1884654769185801, 0.0], [-0.6620008560935261, 1.1727190440859947]]),
     np.array([2.341307620196288, 1.972811426594352]),
     np.array([[0.031206533926342143, 0.0], [-0.324711623115203, 0.07354274663551792]])),
    (np.array([0.709526477705616, 0.972245261853522]),
     np.array([[0.2956917305102903, 0.0], [-0.6185048147585123, 1.5500193118941732]]),
     np.array([21.13196998800671, 2.054305542211737]),
     np.array([[0.10011966940186631, 0.0], [-0.16009385579760882, -0.09874876153281405]])),
    (np.array([0.6790822734388863, 0.964220959481975]),
     np.array([[0.13226186731202155, 0.0], [-0.6077308725720311, 1.2430526445725667]]),
     np.array([1.860209884704082, 2.1094539941326054]),
     np.array([[-0.04282684813656482, 0.0], [0.14333104632670074, -0.005914235268885257]])),
    (np.array([0.7223508903829513, 0.9993672351502504]),
     np.array([[0.17267207337389442, 0.0], [-0.6188206346250453, 1.309386357371347]]),
     np.array([3.9031149513551493, 1.938719924500894]),
     np.array([[0.07714482279909769, 0.0], [-0.03579542904121356, -0.08019285650936796]])),
    (np.array([0.7146864338210551, 0.9903289612677232]),
     np.array([[0.010602044528834162, 0.0], [-0.6435595954014849, 1.4785465520035213]]),
     np.array([1.1026677297727305, 2.1022936512541976]),
     np.array([[0.06869808677638659, 0.0], [-0.2646906507539353, -0.15134182896428197]])),
    (np.array([0.68528050221209, 1.0467449114967295]),
     np.array([[0.17741151825211438, 0.0], [-0.6566054937153752, 1.091783105823605]]),
     np.array([3.5877221123142675, 2.0222334768921106]),
     np.array([[-0.13040088303776792, 0.0], [0.11883495265055079, -0.015706287331591667]])),
    (np.array([0.6861297085126442, 1.0388659266048903]),
     np.array([[0.2929797177807482, 0.0], [-0.6939062022448436, 1.365394378526047]]),
     np.array([4.327454285495306, 2.3720053868455433]),
     np.array([[-0.3115993194539732, 0.0], [-0.0665247762687189, -0.1294836267162696]])),
    (np.array([0.6359861828500223, 0.9949865570331152]),
     np.array([[0.41594332841455683, 0.0], [-0.5554237902153698, 1.025715802393473]]),
     np.array([1.6941160403116533, 1.9203311209068863]),
     np.array([[-0.17215069953497725, 0.0], [-0.020534314285649103, 0.10130807383213292]])),
    (np.array([0.7175174934583266, 0.9729379618318449]),
     np.array([[0.3063101070468623, 0.0], [-0.5737100231261735, 1.2663943208825599]]),
     np.array([2.607479648818929, 2.1566276992513953]),
     np.array([[-0.2309274849207135, 0.0], [-0.1357941263814353, -0.037088931857147185]])),
    (np.array([0.7295969000530199, 0.9850388045353986]),
     np.array([[0.010774392953839362, 0.0], [-0.5678929860214788, 1.0590714659927194]]),
     np.array([1.0275367096775239, 1.9102029527615643]),
     np.array([[-0.0002831862051820949, 0.0], [0.045261047915387397, 0.040057139528195035]])),
    (np.array([0.6832365076354183, 1.0395881256845523]),
     np.array([[0.09982534697769764, 0.0], [-0.6521658463325596, 1.1677332559213964]]),
     np.array([2.011969675167428, 2.1772701654827644]),
     np.array([[0.08115305323967836, 0.0], [0.006108254491679466, -0.01424277515823753]])),
    (np.array([0.6801558035081436, 0.9692779013550995]),
     np.array([[0.15669486636226948, 0.0], [-0.5622945776101732, 1.3524582799532794]]),
     np.array([1.8692773722866798, 1.7604083297685813]),
     np.array([[-0.02658454915445106, 0.0], [-0.12344618655667726, -0.1348927817215647]])),
]

vm_gvm_estimations_step5 = [
    (np.array([0.636013991364976, 1.0780499398037033]),
     np.array([[0.24875160719011505, 0.0], [-0.6653056411179777, 1.093622913411419]]),
     np.array([0.7196351744551305, 1.8819810020959307]),
     np.array([[0.0, 0.0], [0.0, 0.0]])),
    (np.array([0.6749311413334285, 1.0214819392661485]),
     np.array([[0.1371020492028877, 0.0], [-0.6712148921510975, 1.3469197642750261]]),
     np.array([1.7879980657664594, 2.103673246142655]),
     np.array([[0.0, 0.0], [0.0, 0.0]])),
    (np.array([0.6699210100450509, 1.001602004210802]),
     np.array([[0.1833946593975742, 0.0], [-0.6148543064283035, 1.199535956302752]]),
     np.array([1.000510162071404, 2.026001248051169]),
     np.array([[0.0, 0.0], [0.0, 0.0]])),
    (np.array([0.7299936196593382, 0.9921129937992211]),
     np.array([[0.35422875312890995, 0.0], [-0.5827327144798069, 1.1341678154141146]]),
     np.array([4.936955347367796, 1.8471978142115653]),
     np.array([[0.0, 0.0], [0.0, 0.0]])),
    (np.array([0.6863688236404027, 0.9823860815143156]),
     np.array([[0.21793319593117028, 0.0], [-0.5486591840962342, 1.2045935051799959]]),
     np.array([2.9472383389369314, 1.791321831052227]),
     np.array([[0.0, 0.0], [0.0, 0.0]])),
    (np.array([0.7258647485659688, 0.9860487701886426]),
     np.array([[0.5491661875518329, 0.0], [-0.6175951252254106, 1.3861229926301168]]),
     np.array([16.252138953334274, 2.2113895410351905]),
     np.array([[0.0, 0.0], [0.0, 0.0]])),
    (np.array([0.7038484254382854, 0.9882077695410365]),
     np.array([[0.34320180839573783, 0.0], [-0.6150887586849229, 1.2677172424841858]]),
     np.array([9.802275075542708, 2.0401291314772907]),
     np.array([[0.0, 0.0], [0.0, 0.0]])),
    (np.array([0.6838607765579605, 0.9536883272767062]),
     np.array([[0.11174597854421756, 0.0], [-0.5928373989071238, 1.2090515763620913]]),
     np.array([0.5943774608704847, 1.8015672923122112]),
     np.array([[0.0, 0.0], [0.0, 0.0]])),
    (np.array([0.6495319336026745, 0.9672570112823273]),
     np.array([[0.1504196848490886, 0.0], [-0.6321960097269499, 1.2389128267479237]]),
     np.array([1.7958997833452544, 2.0708344480117353]),
     np.array([[0.0, 0.0], [0.0, 0.0]])),
    (np.array([0.6963142651532527, 1.0694290859226878]),
     np.array([[0.19454334861545294, 0.0], [-0.6453029246184819, 1.1868404508583041]]),
     np.array([2.2705451939368833, 2.249151919765233]),
     np.array([[0.0, 0.0], [0.0, 0.0]])),
    (np.array([0.7055777721124662, 1.1081998839831648]),
     np.array([[0.18675059874912037, 0.0], [-0.6481320430650086, 1.024584642915078]]),
     np.array([3.0767641544560944, 1.7782790149049372]),
     np.array([[0.0, 0.0], [0.0, 0.0]])),
    (np.array([0.6824562125372727, 0.930522899943166]),
     np.array([[0.23035389969075237, 0.0], [-0.5595126219913956, 1.2790600066671631]]),
     np.array([1.6760711231177237, 2.0569017138816075]),
     np.array([[0.0, 0.0], [0.0, 0.0]])),
    (np.array([0.7359886282848978, 1.0093069286081457]),
     np.array([[0.25530723726592613, 0.0], [-0.6077625674823782, 1.1260527917710492]]),
     np.array([6.902719530915715, 1.9499437485521853]),
     np.array([[0.0, 0.0], [0.0, 0.0]])),
    (np.array([0.6980140807554753, 1.0259220281504842]),
     np.array([[0.1982601886701396, 0.0], [-0.6655781153020739, 1.1504551055983632]]),
     np.array([2.286589202891937, 1.9828366819418568]),
     np.array([[0.0, 0.0], [0.0, 0.0]])),
    (np.array([0.7095924533966498, 0.9690299498210486]),
     np.array([[0.2996931809339206, 0.0], [-0.6099328601654405, 1.4160082257824433]]),
     np.array([21.283746065511274, 2.01505550276575]),
     np.array([[0.0, 0.0], [0.0, 0.0]])),
    (np.array([0.6793229410919286, 0.9650566025645672]),
     np.array([[0.11486013107983895, 0.0], [-0.609977404300033, 1.273525655483232]]),
     np.array([1.8763723668957821, 2.1183088894398687]),
     np.array([[0.0, 0.0], [0.0, 0.0]])),
    (np.array([0.7224620385534491, 0.9977569272541731]),
     np.array([[0.18919533696762356, 0.0], [-0.6155998550111234, 1.231037970012891]]),
     np.array([3.92594875271822, 1.9341945728736443]),
     np.array([[0.0, 0.0], [0.0, 0.0]])),
    (np.array([0.7240319877367987, 0.9939703459630197]),
     np.array([[0.12243634309628405, 0.0], [-0.6495566678925263, 1.2802480019977902]]),
     np.array([5.900090562699081, 2.0882124240706155]),
     np.array([[0.0, 0.0], [0.0, 0.0]])),
    (np.array([0.6812908030918419, 1.0469486089794553]),
     np.array([[0.14052916354075598, 0.0], [-0.6563095849370314, 1.1069045061908325]]),
     np.array([2.757035366458856, 2.018953933785134]),
     np.array([[0.0, 0.0], [0.0, 0.0]])),
    (np.array([0.6859545762239692, 1.03727755101413]),
     np.array([[0.23296380308282488, 0.0], [-0.6892002701335195, 1.2583973845989185]]),
     np.array([4.263949407989834, 2.3690334506198076]),
     np.array([[0.0, 0.0], [0.0, 0.0]])),
    (np.array([0.6298384193642884, 0.993124020354071]),
     np.array([[0.32834328292493864, 0.0], [-0.5507235004760713, 1.102465951354659]]),
     np.array([1.5256792633656617, 1.8971282699601397]),
     np.array([[0.0, 0.0], [0.0, 0.0]])),
    (np.array([0.5058151864851912, 0.9727144846286069]),
     np.array([[0.33899262785680606, 0.0], [-0.5728403465131323, 1.1960502138821372]]),
     np.array([0.20341803168608175, 2.1624391340202753]),
     np.array([[0.0, 0.0], [0.0, 0.0]])),
    (np.array([0.7295052505506631, 0.9846214113492897]),
     np.array([[0.010493155698606468, 0.0], [-0.5671055152551496, 1.1053908945630024]]),
     np.array([0.9806195109130555, 1.9052880419897937]),
     np.array([[0.0, 0.0], [0.0, 0.0]])),
    (np.array([0.6844174455122612, 1.0393971573842977]),
     np.array([[0.13098525963724303, 0.0], [-0.6521276443333996, 1.1590027702575179]]),
     np.array([2.124925546290976, 2.1812751853489942]),
     np.array([[0.0, 0.0], [0.0, 0.0]])),
    (np.array([0.6804133295261983, 0.9691466159440237]),
     np.array([[0.14615109340777716, 0.0], [-0.5630063410813375, 1.1906097525899726]]),
     np.array([1.8916715281389995, 1.7714037945685577]),
     np.array([[0.0, 0.0], [0.0, 0.0]])),
]

vm_gvm_final_estimation = (
    np.array([0.6972539236951567, 1.0000224535768771]),
    np.array([[0.17304529467359409, 0.0], [-0.6092663791282302, 1.2094398967370403]]),
    np.array([2.4954397039661274, 2.0067875191708984]),
    np.array([[0.0, 0.0], [0.0, 0.0]])
)

vm_gvm_interaction_matrix =   np.array([[False, True], [False, False]])

vm_gvm_matrix_hp =   np.array([[False, True], [False, False]])

vm_gvm_matrix_vm =   np.array([[True, True], [True, True]])

vm_gvm_pvalues = np.array(
[0.4774247244350015, 0.12999418922881134, 0.9906970497821298, 0.9658740227840016, 0.051332982482719225, 0.10377011664425873, 0.1184969492240886, 0.681254542554178, 0.9212321916932139, 0.38392237932043016, 0.2318572471032223, 0.37612227060483994, 0.6560593711645044, 0.3435451274858925, 0.8474981183357292, 0.422776295421058, 0.7479065239127435, 0.6236198344718924, 0.3650878485689887, 0.25311781803638533, 0.6876665440546897, 0.28566742151798374, 0.7135421222460132, 0.4843381568656364, 0.14666059610431503, 0.09760423128045048, 0.6817394891267495, 0.8239495820595295, 0.006246696475741054, 0.807684662142722, 0.7348229921791505, 0.08822122308983638, 0.9263087274897739, 0.4807287538431917, 0.2861356615510826, 0.5444608577041814, 0.098543591634211, 0.5570773107770369, 0.6625980026112532, 0.07503551706959866, 0.5584247568499472, 0.9304348158065224, 0.7347643215174138, 0.45646202354017285, 0.033154642138470525, 0.8008260931036397, 0.3130032083455788, 0.9449198029405794, 0.4683986789553658, 0.3194554807319824]
)

